star_00067 0.251 198 200 245 180 291 287 244 307 ShortSide_forGripper
star_00067 0.255 289 110 329 131 248 289 208 268 ShortSide_forGripper
star_00067 0.265 344 156 347 216 151 227 148 167 ShortSide_forGripper
star_00067 0.326 194 184 216 141 373 221 351 264 ShortSide_forGripper
star_00067 0.334 191 119 271 106 304 314 224 327 ShortSide_forGripper
star_00067 0.334 286 86 329 152 191 241 148 175 ShortSide_forGripper
star_00067 0.342 165 191 175 137 264 154 254 208 ShortSide_forGripper
star_00067 0.352 195 176 216 101 396 153 375 228 ShortSide_forGripper
star_00067 0.408 371 215 373 273 184 280 182 222 ShortSide_forGripper
star_00067 0.432 169 249 177 168 388 190 380 271 ShortSide_forGripper
star_00067 0.445 241 87 320 87 320 307 241 307 ShortSide_forGripper
star_00067 0.518 297 110 370 119 346 311 273 302 ShortSide_forGripper
