star_00072 0.262 391 242 425 262 398 309 364 289 ShortSide_forGripper
star_00072 0.279 236 254 253 219 297 241 280 276 ShortSide_forGripper
star_00072 0.315 358 211 394 236 357 288 321 263 ShortSide_forGripper
star_00072 0.346 372 223 412 246 381 300 341 277 ShortSide_forGripper
star_00072 0.354 153 90 185 111 158 151 126 130 ShortSide_forGripper
star_00072 0.362 201 299 231 252 288 288 258 335 ShortSide_forGripper
star_00072 0.375 289 147 299 108 374 128 364 167 ShortSide_forGripper
star_00072 0.397 218 119 247 144 195 204 166 179 ShortSide_forGripper
star_00072 0.443 308 107 323 74 379 100 364 133 ShortSide_forGripper
star_00072 0.453 316 93 330 63 375 84 361 114 ShortSide_forGripper
star_00072 0.549 331 74 345 47 380 65 366 92 ShortSide_forGripper
star_00072 0.567 173 95 206 122 170 168 137 141 ShortSide_forGripper
star_00072 0.592 194 325 218 296 261 330 237 359 ShortSide_forGripper
star_00072 0.617 187 343 205 315 250 344 232 372 ShortSide_forGripper
