star_00031 0.271 279 204 280 168 384 169 383 205 ShortSide_forGripper
star_00031 0.275 366 122 373 164 265 181 258 139 ShortSide_forGripper
star_00031 0.312 256 113 310 100 347 248 293 261 ShortSide_forGripper
star_00031 0.318 288 189 289 155 389 156 388 190 ShortSide_forGripper
star_00031 0.352 372 179 378 210 287 228 281 197 ShortSide_forGripper
star_00031 0.361 323 129 354 128 356 228 325 229 ShortSide_forGripper
star_00031 0.372 320 122 373 113 391 215 338 224 ShortSide_forGripper
star_00031 0.378 297 129 331 122 354 230 320 237 ShortSide_forGripper
star_00031 0.518 260 202 266 129 401 141 395 214 ShortSide_forGripper
star_00031 0.600 284 121 356 109 377 238 305 250 ShortSide_forGripper
