star_00026 0.268 254 168 293 161 311 263 272 270 ShortSide_forGripper
star_00026 0.274 343 170 379 183 342 291 306 278 ShortSide_forGripper
star_00026 0.287 318 166 355 174 327 295 290 287 ShortSide_forGripper
star_00026 0.298 223 229 235 178 346 206 334 257 ShortSide_forGripper
star_00026 0.325 256 227 266 203 335 230 325 254 ShortSide_forGripper
star_00026 0.330 318 135 387 146 371 246 302 235 ShortSide_forGripper
star_00026 0.382 266 121 338 137 309 272 237 256 ShortSide_forGripper
star_00026 0.385 272 271 274 242 357 246 355 275 ShortSide_forGripper
star_00026 0.409 246 262 259 192 369 211 356 281 ShortSide_forGripper
star_00026 0.410 324 159 355 153 369 232 338 238 ShortSide_forGripper
star_00026 0.436 240 204 246 130 373 141 367 215 ShortSide_forGripper
star_00026 0.541 394 167 396 225 233 230 231 172 ShortSide_forGripper
star_00026 0.543 301 133 375 150 344 288 270 271 ShortSide_forGripper
