star_00071 0.258 398 156 433 137 461 189 426 208 ShortSide_forGripper
star_00071 0.276 337 154 349 189 298 207 286 172 ShortSide_forGripper
star_00071 0.277 239 208 282 186 314 247 271 269 ShortSide_forGripper
star_00071 0.332 375 158 412 142 436 197 399 213 ShortSide_forGripper
star_00071 0.346 362 163 398 148 417 196 381 211 ShortSide_forGripper
star_00071 0.360 343 351 351 384 308 394 300 361 ShortSide_forGripper
star_00071 0.372 334 297 344 337 293 350 283 310 ShortSide_forGripper
star_00071 0.375 219 213 261 191 294 254 252 276 ShortSide_forGripper
star_00071 0.404 134 232 176 232 177 301 135 301 ShortSide_forGripper
star_00071 0.461 346 325 353 357 305 368 298 336 ShortSide_forGripper
star_00071 0.469 319 125 329 156 286 170 276 139 ShortSide_forGripper
star_00071 0.487 280 45 289 66 261 78 252 57 ShortSide_forGripper
star_00071 0.489 184 214 240 192 275 283 219 305 ShortSide_forGripper
star_00071 0.522 329 142 338 174 290 189 281 157 ShortSide_forGripper
star_00071 0.524 171 219 223 216 228 308 176 311 ShortSide_forGripper
star_00071 0.547 315 90 329 126 270 149 256 113 ShortSide_forGripper
star_00071 0.550 296 56 313 92 263 115 246 79 ShortSide_forGripper
star_00071 0.561 157 217 200 218 198 310 155 309 ShortSide_forGripper
star_00071 0.606 307 73 321 108 264 130 250 95 ShortSide_forGripper
