square_00026 0.264 248 328 298 327 299 413 249 414 ShortSide_forGripper
square_00026 0.266 341 250 343 193 414 195 412 252 ShortSide_forGripper
square_00026 0.281 278 314 331 314 329 415 276 415 ShortSide_forGripper
square_00026 0.312 340 222 341 166 415 169 414 225 ShortSide_forGripper
square_00026 0.322 287 282 333 283 332 375 286 374 ShortSide_forGripper
square_00026 0.334 225 141 229 185 152 192 148 148 ShortSide_forGripper
square_00026 0.343 414 231 416 284 341 286 339 233 ShortSide_forGripper
square_00026 0.353 230 350 267 352 265 415 228 413 ShortSide_forGripper
square_00026 0.362 323 360 353 358 356 411 326 413 ShortSide_forGripper
square_00026 0.365 416 258 418 313 337 317 335 262 ShortSide_forGripper
square_00026 0.370 287 72 333 69 338 143 292 146 ShortSide_forGripper
square_00026 0.377 230 282 233 248 289 253 286 287 ShortSide_forGripper
square_00026 0.378 258 74 301 74 301 141 258 141 ShortSide_forGripper
square_00026 0.382 242 293 242 326 187 326 187 293 ShortSide_forGripper
square_00026 0.385 337 342 379 342 379 417 337 417 ShortSide_forGripper
square_00026 0.395 252 288 256 349 167 353 163 292 ShortSide_forGripper
square_00026 0.398 231 324 233 288 294 291 292 327 ShortSide_forGripper
square_00026 0.413 300 200 302 249 203 253 201 204 ShortSide_forGripper
square_00026 0.413 319 70 365 67 370 139 324 142 ShortSide_forGripper
square_00026 0.426 305 345 347 343 350 414 308 416 ShortSide_forGripper
square_00026 0.445 212 350 247 351 245 413 210 412 ShortSide_forGripper
square_00026 0.463 296 228 298 276 205 279 203 231 ShortSide_forGripper
square_00026 0.469 301 362 331 362 330 411 300 411 ShortSide_forGripper
square_00026 0.481 246 359 281 359 281 411 246 411 ShortSide_forGripper
square_00026 0.496 298 266 298 307 197 309 197 268 ShortSide_forGripper
square_00026 0.505 241 238 242 286 166 289 165 241 ShortSide_forGripper
square_00026 0.527 263 360 296 360 296 410 263 410 ShortSide_forGripper
square_00026 0.534 282 358 315 357 317 411 284 412 ShortSide_forGripper
square_00026 0.538 236 259 238 296 181 300 179 263 ShortSide_forGripper
