square_00025 0.256 190 234 199 203 263 221 254 252 ShortSide_forGripper
square_00025 0.264 198 308 241 331 209 391 166 368 ShortSide_forGripper
square_00025 0.279 294 44 332 64 299 127 261 107 ShortSide_forGripper
square_00025 0.321 392 182 406 142 489 171 475 211 ShortSide_forGripper
square_00025 0.326 210 274 256 293 217 387 171 368 ShortSide_forGripper
square_00025 0.349 313 55 350 75 318 134 281 114 ShortSide_forGripper
square_00025 0.357 354 287 368 249 441 276 427 314 ShortSide_forGripper
square_00025 0.358 308 326 348 348 303 433 263 411 ShortSide_forGripper
square_00025 0.367 164 283 179 234 263 260 248 309 ShortSide_forGripper
square_00025 0.368 328 361 364 380 335 434 299 415 ShortSide_forGripper
square_00025 0.379 216 112 229 79 289 103 276 136 ShortSide_forGripper
square_00025 0.385 362 64 393 80 359 147 328 131 ShortSide_forGripper
square_00025 0.421 273 292 320 317 266 419 219 394 ShortSide_forGripper
square_00025 0.425 227 310 272 330 240 401 195 381 ShortSide_forGripper
square_00025 0.435 210 134 222 91 297 111 285 154 ShortSide_forGripper
square_00025 0.458 359 270 371 227 452 249 440 292 ShortSide_forGripper
square_00025 0.508 383 209 400 161 472 186 455 234 ShortSide_forGripper
square_00025 0.521 338 51 370 67 333 140 301 124 ShortSide_forGripper
square_00025 0.523 192 170 206 120 291 145 277 195 ShortSide_forGripper
square_00025 0.566 183 302 220 320 192 375 155 357 ShortSide_forGripper
square_00025 0.569 171 259 184 213 264 236 251 282 ShortSide_forGripper
square_00025 0.572 178 195 194 145 283 174 267 224 ShortSide_forGripper
square_00025 0.596 383 228 394 186 464 205 453 247 ShortSide_forGripper
square_00025 0.629 373 243 383 208 458 228 448 263 ShortSide_forGripper
square_00025 0.661 170 227 184 179 273 204 259 252 ShortSide_forGripper
