square_00021 0.255 534 170 536 216 489 219 487 173 ShortSide_forGripper
square_00021 0.260 433 91 476 88 480 144 437 147 ShortSide_forGripper
square_00021 0.281 403 150 454 150 456 235 405 235 ShortSide_forGripper
square_00021 0.281 361 232 425 231 426 339 362 340 ShortSide_forGripper
square_00021 0.291 344 87 390 87 391 164 345 164 ShortSide_forGripper
square_00021 0.306 398 110 458 108 459 201 399 203 ShortSide_forGripper
square_00021 0.308 321 102 361 98 366 145 326 149 ShortSide_forGripper
square_00021 0.310 281 87 326 87 328 166 283 166 ShortSide_forGripper
square_00021 0.319 380 85 426 84 427 166 381 167 ShortSide_forGripper
square_00021 0.338 406 79 453 78 455 162 408 163 ShortSide_forGripper
square_00021 0.352 269 183 316 181 320 260 273 262 ShortSide_forGripper
square_00021 0.355 325 174 367 174 367 262 325 262 ShortSide_forGripper
square_00021 0.421 250 291 300 291 300 384 250 384 ShortSide_forGripper
square_00021 0.422 237 98 289 98 289 161 237 161 ShortSide_forGripper
square_00021 0.427 373 161 421 161 422 242 374 242 ShortSide_forGripper
square_00021 0.439 311 224 363 224 362 309 310 309 ShortSide_forGripper
square_00021 0.445 429 265 488 264 490 382 431 383 ShortSide_forGripper
square_00021 0.485 339 172 386 171 388 251 341 252 ShortSide_forGripper
square_00021 0.511 370 272 427 271 429 379 372 380 ShortSide_forGripper
square_00021 0.524 286 304 334 304 334 375 286 375 ShortSide_forGripper
square_00021 0.524 404 270 458 269 459 377 405 378 ShortSide_forGripper
square_00021 0.562 306 278 363 277 365 381 308 382 ShortSide_forGripper
square_00021 0.569 335 222 389 221 390 313 336 314 ShortSide_forGripper
square_00021 0.592 337 274 393 273 394 381 338 382 ShortSide_forGripper
