cross_00052 0.266 516 172 524 232 447 243 439 183 LongSide_forGripper
cross_00052 0.276 364 136 366 155 327 159 325 140 LongSide_forGripper
cross_00052 0.280 197 244 198 186 282 187 281 245 LongSide_forGripper
cross_00052 0.294 506 180 511 229 419 239 414 190 ShortSide_forGripper
cross_00052 0.306 237 189 269 192 266 248 234 245 ShortSide_forGripper
cross_00052 0.322 440 180 471 176 479 241 448 245 ShortSide_forGripper
cross_00052 0.336 195 187 231 191 226 244 190 240 ShortSide_forGripper
cross_00052 0.355 209 181 258 182 256 252 207 251 ShortSide_forGripper
cross_00052 0.363 466 180 497 178 501 237 470 239 ShortSide_forGripper
cross_00052 0.527 424 144 452 200 267 295 239 239 ShortSide_forGripper
cross_00052 0.575 332 88 431 120 359 343 260 311 ShortSide_forGripper
cross_00052 0.626 222 230 257 133 471 211 436 308 ShortSide_forGripper
