cross_00038 0.254 310 97 354 124 321 178 277 151 LongSide_forGripper
cross_00038 0.257 324 81 364 108 329 158 289 131 LongSide_forGripper
cross_00038 0.270 277 141 303 101 356 136 330 176 ShortSide_forGripper
cross_00038 0.271 382 174 395 137 453 155 440 192 ShortSide_forGripper
cross_00038 0.276 304 102 331 66 381 103 354 139 ShortSide_forGripper
cross_00038 0.278 391 148 400 106 458 117 449 159 ShortSide_forGripper
cross_00038 0.304 227 267 240 219 338 248 325 296 ShortSide_forGripper
cross_00038 0.319 228 329 250 283 311 312 289 358 ShortSide_forGripper
cross_00038 0.321 272 115 311 53 471 154 432 216 ShortSide_forGripper
cross_00038 0.338 290 121 316 86 363 120 337 155 ShortSide_forGripper
cross_00038 0.350 227 290 247 218 384 255 364 327 ShortSide_forGripper
