cross_00105 0.253 264 341 294 340 297 402 267 403 ShortSide_forGripper
cross_00105 0.266 363 291 365 353 170 360 168 298 ShortSide_forGripper
cross_00105 0.269 262 175 313 154 365 282 314 303 ShortSide_forGripper
cross_00105 0.283 116 225 116 116 374 116 374 225 ShortSide_forGripper
cross_00105 0.301 232 259 240 180 387 196 379 275 ShortSide_forGripper
cross_00105 0.308 182 191 235 199 217 324 164 316 ShortSide_forGripper
cross_00105 0.312 303 183 357 187 344 368 290 364 ShortSide_forGripper
cross_00105 0.315 158 164 173 115 357 171 342 220 ShortSide_forGripper
cross_00105 0.323 274 204 284 262 105 293 95 235 ShortSide_forGripper
cross_00105 0.367 230 163 335 143 377 356 272 376 ShortSide_forGripper
