cross_00095 0.257 365 199 384 243 260 296 241 252 ShortSide_forGripper
cross_00095 0.261 204 184 279 158 337 327 262 353 ShortSide_forGripper
cross_00095 0.266 259 232 259 176 394 176 394 232 ShortSide_forGripper
cross_00095 0.276 281 178 327 159 378 285 332 304 ShortSide_forGripper
cross_00095 0.289 338 175 408 211 327 370 257 334 ShortSide_forGripper
cross_00095 0.322 218 104 262 103 269 277 225 278 ShortSide_forGripper
cross_00095 0.380 270 240 293 190 417 247 394 297 ShortSide_forGripper
cross_00095 0.389 233 343 239 273 366 284 360 354 ShortSide_forGripper
cross_00095 0.391 336 178 411 200 373 333 298 311 ShortSide_forGripper
cross_00095 0.490 138 233 175 130 373 202 336 305 ShortSide_forGripper
cross_00095 0.550 164 160 206 119 325 243 283 284 ShortSide_forGripper
cross_00095 0.563 295 120 341 181 192 293 146 232 ShortSide_forGripper
