cross_00028 0.255 243 266 274 235 332 291 301 322 ShortSide_forGripper
cross_00028 0.267 374 226 417 221 427 301 384 306 ShortSide_forGripper
cross_00028 0.269 347 235 392 229 400 296 355 302 ShortSide_forGripper
cross_00028 0.284 275 200 288 151 348 167 335 216 ShortSide_forGripper
cross_00028 0.284 308 104 335 69 383 107 356 142 ShortSide_forGripper
cross_00028 0.300 281 181 294 128 356 144 343 197 ShortSide_forGripper
cross_00028 0.306 291 142 310 99 364 123 345 166 ShortSide_forGripper
cross_00028 0.315 136 328 188 281 271 373 219 420 ShortSide_forGripper
cross_00028 0.316 341 65 371 37 414 82 384 110 ShortSide_forGripper
cross_00028 0.457 249 229 264 180 342 204 327 253 ShortSide_forGripper
cross_00028 0.476 311 243 355 227 384 308 340 324 ShortSide_forGripper
