cross_00088 0.257 414 133 423 179 273 208 264 162 ShortSide_forGripper
cross_00088 0.267 244 180 293 157 349 275 300 298 ShortSide_forGripper
cross_00088 0.275 280 169 313 101 461 174 428 242 ShortSide_forGripper
cross_00088 0.280 325 172 358 129 454 203 421 246 ShortSide_forGripper
cross_00088 0.290 357 162 368 203 242 237 231 196 ShortSide_forGripper
cross_00088 0.296 277 220 308 148 460 213 429 285 ShortSide_forGripper
cross_00088 0.300 300 122 352 131 325 283 273 274 ShortSide_forGripper
cross_00088 0.317 399 222 428 233 408 283 379 272 ShortSide_forGripper
cross_00088 0.325 382 171 450 192 415 306 347 285 ShortSide_forGripper
cross_00088 0.347 248 238 248 157 418 157 418 238 ShortSide_forGripper
cross_00088 0.375 292 114 402 132 373 317 263 299 ShortSide_forGripper
cross_00088 0.390 212 282 257 220 413 333 368 395 ShortSide_forGripper
