cross_00086 0.261 459 214 460 296 290 299 289 217 ShortSide_forGripper
cross_00086 0.264 371 199 406 182 438 252 403 269 ShortSide_forGripper
cross_00086 0.264 377 179 415 164 462 286 424 301 ShortSide_forGripper
cross_00086 0.276 489 222 513 295 358 345 334 272 ShortSide_forGripper
cross_00086 0.279 331 228 331 196 396 196 396 228 ShortSide_forGripper
cross_00086 0.304 349 240 374 174 492 219 467 285 ShortSide_forGripper
cross_00086 0.315 340 180 417 156 471 331 394 355 ShortSide_forGripper
cross_00086 0.379 465 268 466 340 334 343 333 271 ShortSide_forGripper
cross_00086 0.406 199 302 209 232 372 255 362 325 ShortSide_forGripper
cross_00086 0.425 318 226 341 157 457 195 434 264 ShortSide_forGripper
cross_00086 0.430 221 222 285 189 358 333 294 366 ShortSide_forGripper
