cross_00048 0.270 470 329 507 350 463 430 426 409 ShortSide_forGripper
cross_00048 0.320 205 232 244 257 202 319 163 294 ShortSide_forGripper
cross_00048 0.338 181 316 198 353 118 391 101 354 ShortSide_forGripper
cross_00048 0.345 513 356 558 374 530 447 485 429 ShortSide_forGripper
cross_00048 0.348 494 341 535 360 497 442 456 423 ShortSide_forGripper
cross_00048 0.349 202 192 240 175 271 249 233 266 ShortSide_forGripper
cross_00048 0.355 431 322 469 340 434 415 396 397 ShortSide_forGripper
cross_00048 0.358 241 259 277 278 234 358 198 339 ShortSide_forGripper
cross_00048 0.374 185 198 222 179 254 241 217 260 ShortSide_forGripper
cross_00048 0.383 154 207 198 181 243 254 199 280 ShortSide_forGripper
cross_00048 0.386 197 216 236 246 170 331 131 301 ShortSide_forGripper
cross_00048 0.411 276 268 316 283 285 369 245 354 ShortSide_forGripper
cross_00048 0.411 261 180 296 197 268 255 233 238 ShortSide_forGripper
cross_00048 0.436 396 309 433 327 397 404 360 386 ShortSide_forGripper
cross_00048 0.471 572 370 613 382 589 461 548 449 ShortSide_forGripper
cross_00048 0.492 176 313 180 340 119 350 115 323 ShortSide_forGripper
cross_00048 0.500 541 360 587 376 560 455 514 439 ShortSide_forGripper
cross_00048 0.529 304 276 340 292 305 375 269 359 ShortSide_forGripper
cross_00048 0.550 372 299 406 316 365 396 331 379 ShortSide_forGripper
cross_00048 0.647 333 284 369 300 334 383 298 367 ShortSide_forGripper
