cross_00089 0.253 267 164 347 141 410 361 330 384 ShortSide_forGripper
cross_00089 0.253 230 167 261 153 307 260 276 274 ShortSide_forGripper
cross_00089 0.257 283 322 284 268 436 273 435 327 ShortSide_forGripper
cross_00089 0.259 331 118 385 140 326 279 272 257 ShortSide_forGripper
cross_00089 0.265 312 163 333 185 255 260 234 238 ShortSide_forGripper
cross_00089 0.280 317 213 361 211 366 378 322 380 ShortSide_forGripper
cross_00089 0.285 251 155 284 159 270 270 237 266 ShortSide_forGripper
cross_00089 0.288 342 183 373 171 401 240 370 252 ShortSide_forGripper
cross_00089 0.291 401 144 409 192 226 221 218 173 ShortSide_forGripper
cross_00089 0.311 423 168 435 223 294 253 282 198 ShortSide_forGripper
cross_00089 0.315 299 140 353 124 390 253 336 269 ShortSide_forGripper
cross_00089 0.320 258 190 306 166 361 273 313 297 ShortSide_forGripper
cross_00089 0.324 377 157 397 236 222 280 202 201 ShortSide_forGripper
cross_00089 0.333 255 163 264 116 406 144 397 191 ShortSide_forGripper
cross_00089 0.348 275 81 333 75 352 254 294 260 ShortSide_forGripper
cross_00089 0.383 221 155 295 136 332 276 258 295 ShortSide_forGripper
cross_00089 0.385 394 138 397 196 293 201 290 143 ShortSide_forGripper
cross_00089 0.392 224 269 265 203 443 314 402 380 ShortSide_forGripper
cross_00089 0.438 296 187 315 137 445 184 426 234 ShortSide_forGripper
cross_00089 0.459 416 127 425 236 247 252 238 143 ShortSide_forGripper
