cross_00037 0.263 303 178 337 146 378 189 344 221 ShortSide_forGripper
cross_00037 0.270 398 113 435 99 457 160 420 174 ShortSide_forGripper
cross_00037 0.275 444 202 467 172 511 207 488 237 ShortSide_forGripper
cross_00037 0.278 329 155 362 133 392 180 359 202 ShortSide_forGripper
cross_00037 0.278 347 139 382 121 410 176 375 194 ShortSide_forGripper
cross_00037 0.284 183 290 219 272 246 329 210 347 ShortSide_forGripper
cross_00037 0.296 245 218 293 201 322 279 274 296 ShortSide_forGripper
cross_00037 0.303 376 126 413 113 433 167 396 180 ShortSide_forGripper
cross_00037 0.357 199 272 238 247 282 315 243 340 ShortSide_forGripper
cross_00037 0.380 200 265 247 209 353 298 306 354 ShortSide_forGripper
