cross_00087 0.253 290 215 306 168 461 218 445 265 ShortSide_forGripper
cross_00087 0.258 282 325 315 327 311 382 278 380 ShortSide_forGripper
cross_00087 0.258 302 148 356 161 325 283 271 270 ShortSide_forGripper
cross_00087 0.261 416 201 454 221 393 332 355 312 ShortSide_forGripper
cross_00087 0.263 410 170 433 214 281 291 258 247 ShortSide_forGripper
cross_00087 0.280 339 176 356 203 306 233 289 206 ShortSide_forGripper
cross_00087 0.281 381 144 394 174 298 217 285 187 ShortSide_forGripper
cross_00087 0.281 256 243 280 229 299 264 275 278 ShortSide_forGripper
cross_00087 0.283 274 273 277 211 469 222 466 284 ShortSide_forGripper
cross_00087 0.316 353 167 431 161 444 340 366 346 ShortSide_forGripper
cross_00087 0.325 318 203 335 157 431 192 414 238 ShortSide_forGripper
cross_00087 0.357 292 156 366 120 451 295 377 331 ShortSide_forGripper
cross_00087 0.382 253 241 295 228 340 374 298 387 ShortSide_forGripper
cross_00087 0.394 320 130 399 151 359 303 280 282 ShortSide_forGripper
cross_00087 0.499 202 274 247 213 393 323 348 384 ShortSide_forGripper
cross_00087 0.509 392 152 411 204 293 247 274 195 ShortSide_forGripper
