cross_00051 0.260 204 129 248 152 205 234 161 211 ShortSide_forGripper
cross_00051 0.278 472 246 503 279 439 341 408 308 ShortSide_forGripper
cross_00051 0.279 388 299 405 330 357 356 340 325 ShortSide_forGripper
cross_00051 0.291 177 117 220 139 176 222 133 200 ShortSide_forGripper
cross_00051 0.306 234 139 285 168 237 254 186 225 ShortSide_forGripper
cross_00051 0.308 386 265 403 298 345 328 328 295 ShortSide_forGripper
cross_00051 0.326 387 287 401 317 352 340 338 310 ShortSide_forGripper
cross_00051 0.366 263 32 288 61 230 109 205 80 ShortSide_forGripper
cross_00051 0.455 376 148 406 177 347 237 317 208 ShortSide_forGripper
cross_00051 0.550 295 60 320 90 254 145 229 115 ShortSide_forGripper
cross_00051 0.572 353 119 384 148 324 212 293 183 ShortSide_forGripper
cross_00051 0.581 321 89 346 119 280 174 255 144 ShortSide_forGripper
