cross_00056 0.266 292 247 342 239 355 312 305 320 ShortSide_forGripper
cross_00056 0.276 274 95 302 123 261 164 233 136 ShortSide_forGripper
cross_00056 0.280 248 64 278 94 239 135 209 105 LongSide_forGripper
cross_00056 0.287 414 225 447 258 401 304 368 271 ShortSide_forGripper
cross_00056 0.324 254 73 273 100 233 128 214 101 ShortSide_forGripper
cross_00056 0.341 423 132 430 184 238 211 231 159 ShortSide_forGripper
cross_00056 0.361 429 248 459 266 426 319 396 301 ShortSide_forGripper
cross_00056 0.391 420 166 441 224 267 287 246 229 ShortSide_forGripper
cross_00056 0.530 438 204 455 259 281 315 264 260 ShortSide_forGripper
cross_00056 0.600 452 146 456 258 223 267 219 155 ShortSide_forGripper
