cross_00103 0.265 309 200 318 282 116 303 107 221 ShortSide_forGripper
cross_00103 0.321 418 166 427 195 373 211 364 182 ShortSide_forGripper
cross_00103 0.327 130 186 176 169 241 345 195 362 ShortSide_forGripper
cross_00103 0.332 296 209 348 227 303 356 251 338 ShortSide_forGripper
cross_00103 0.344 359 242 378 293 236 345 217 294 ShortSide_forGripper
cross_00103 0.361 148 175 175 101 331 158 304 232 ShortSide_forGripper
cross_00103 0.373 239 213 252 158 418 196 405 251 ShortSide_forGripper
cross_00103 0.380 308 241 324 297 153 346 137 290 ShortSide_forGripper
cross_00103 0.446 309 93 385 100 366 316 290 309 ShortSide_forGripper
cross_00103 0.458 103 191 213 164 262 362 152 389 ShortSide_forGripper
cross_00103 0.512 288 159 304 216 117 270 101 213 ShortSide_forGripper
