cross_00085 0.260 223 257 253 210 390 296 360 343 ShortSide_forGripper
cross_00085 0.262 274 200 305 197 309 241 278 244 ShortSide_forGripper
cross_00085 0.274 351 237 366 185 514 228 499 280 ShortSide_forGripper
cross_00085 0.279 274 299 308 295 315 352 281 356 ShortSide_forGripper
cross_00085 0.299 376 174 427 157 471 285 420 302 ShortSide_forGripper
cross_00085 0.344 469 212 471 296 282 299 280 215 ShortSide_forGripper
cross_00085 0.362 464 268 467 338 335 343 332 273 ShortSide_forGripper
cross_00085 0.382 322 176 426 146 481 335 377 365 ShortSide_forGripper
cross_00085 0.427 441 172 451 250 310 267 300 189 ShortSide_forGripper
cross_00085 0.457 364 239 371 296 205 316 198 259 ShortSide_forGripper
cross_00085 0.471 251 190 324 190 324 364 251 364 ShortSide_forGripper
