cross_00101 0.253 240 60 315 95 227 283 152 248 ShortSide_forGripper
cross_00101 0.256 325 108 375 135 326 227 276 200 ShortSide_forGripper
cross_00101 0.258 341 167 388 176 354 366 307 357 ShortSide_forGripper
cross_00101 0.290 271 160 294 110 382 149 359 199 ShortSide_forGripper
cross_00101 0.309 121 208 160 102 366 177 327 283 ShortSide_forGripper
cross_00101 0.316 267 246 295 205 452 311 424 352 ShortSide_forGripper
cross_00101 0.326 200 135 226 83 395 166 369 218 ShortSide_forGripper
cross_00101 0.345 367 177 416 185 382 382 333 374 ShortSide_forGripper
cross_00101 0.350 306 170 355 158 405 359 356 371 ShortSide_forGripper
cross_00101 0.365 219 295 231 219 476 258 464 334 ShortSide_forGripper
cross_00101 0.457 332 140 436 157 399 391 295 374 ShortSide_forGripper
