cross_00033 0.250 203 247 236 231 260 280 227 296 ShortSide_forGripper
cross_00033 0.253 224 239 258 224 279 272 245 287 ShortSide_forGripper
cross_00033 0.256 167 394 202 375 230 427 195 446 ShortSide_forGripper
cross_00033 0.260 269 197 299 184 328 256 298 269 ShortSide_forGripper
cross_00033 0.270 158 278 186 255 221 297 193 320 ShortSide_forGripper
cross_00033 0.291 274 299 292 261 345 286 327 324 ShortSide_forGripper
cross_00033 0.340 242 206 277 172 375 273 340 307 ShortSide_forGripper
cross_00033 0.349 281 282 294 239 372 265 359 308 ShortSide_forGripper
cross_00033 0.395 322 190 351 161 405 215 376 244 ShortSide_forGripper
cross_00033 0.434 124 267 184 221 315 388 255 434 ShortSide_forGripper
cross_00033 0.460 253 252 296 196 392 271 349 327 ShortSide_forGripper
