cross_00026 0.254 401 127 440 121 450 182 411 188 ShortSide_forGripper
cross_00026 0.264 373 134 414 121 434 189 393 202 ShortSide_forGripper
cross_00026 0.264 214 151 284 160 269 268 199 259 ShortSide_forGripper
cross_00026 0.274 445 324 485 336 466 399 426 387 ShortSide_forGripper
cross_00026 0.275 424 306 460 323 431 389 395 372 ShortSide_forGripper
cross_00026 0.280 473 119 510 125 500 188 463 182 ShortSide_forGripper
cross_00026 0.284 453 323 510 337 492 410 435 396 LongSide_forGripper
cross_00026 0.292 161 117 230 131 202 262 133 248 ShortSide_forGripper
cross_00026 0.311 460 328 505 340 487 407 442 395 ShortSide_forGripper
cross_00026 0.313 435 121 470 121 472 186 437 186 ShortSide_forGripper
cross_00026 0.314 261 163 312 170 300 256 249 249 ShortSide_forGripper
cross_00026 0.316 453 121 488 120 490 186 455 187 ShortSide_forGripper
cross_00026 0.317 506 127 540 133 531 188 497 182 ShortSide_forGripper
cross_00026 0.335 345 148 386 133 410 195 369 210 ShortSide_forGripper
cross_00026 0.405 303 211 351 221 332 306 284 296 ShortSide_forGripper
cross_00026 0.431 316 143 358 140 363 222 321 225 ShortSide_forGripper
