cross_00096 0.306 278 207 294 155 415 192 399 244 ShortSide_forGripper
cross_00096 0.327 251 126 292 144 220 305 179 287 ShortSide_forGripper
cross_00096 0.329 249 241 267 162 440 202 422 281 ShortSide_forGripper
cross_00096 0.336 248 291 254 210 423 222 417 303 ShortSide_forGripper
cross_00096 0.351 337 148 414 165 370 353 293 336 ShortSide_forGripper
cross_00096 0.353 287 177 305 125 428 170 410 222 ShortSide_forGripper
cross_00096 0.358 336 159 409 148 429 274 356 285 ShortSide_forGripper
cross_00096 0.388 265 317 271 245 394 256 388 328 ShortSide_forGripper
cross_00096 0.424 224 113 299 119 281 330 206 324 ShortSide_forGripper
cross_00096 0.436 298 148 369 122 417 253 346 279 ShortSide_forGripper
