cross_00090 0.278 180 217 195 170 343 218 328 265 ShortSide_forGripper
cross_00090 0.306 327 119 361 166 204 280 170 233 ShortSide_forGripper
cross_00090 0.314 253 166 297 194 242 279 198 251 ShortSide_forGripper
cross_00090 0.322 223 220 255 171 370 245 338 294 ShortSide_forGripper
cross_00090 0.369 276 162 326 135 379 235 329 262 ShortSide_forGripper
cross_00090 0.374 262 257 284 215 451 300 429 342 ShortSide_forGripper
cross_00090 0.382 234 205 239 130 383 140 378 215 ShortSide_forGripper
cross_00090 0.383 197 196 246 173 304 297 255 320 ShortSide_forGripper
cross_00090 0.405 325 158 401 165 382 387 306 380 ShortSide_forGripper
cross_00090 0.450 447 235 454 309 254 330 247 256 ShortSide_forGripper
cross_00090 0.476 164 243 201 142 377 206 340 307 ShortSide_forGripper
