cross_00102 0.256 247 207 257 176 336 200 326 231 ShortSide_forGripper
cross_00102 0.259 217 281 226 206 458 234 449 309 ShortSide_forGripper
cross_00102 0.260 367 293 373 258 424 266 418 301 ShortSide_forGripper
cross_00102 0.262 281 140 322 133 340 237 299 244 ShortSide_forGripper
cross_00102 0.271 101 240 120 163 328 215 309 292 ShortSide_forGripper
cross_00102 0.292 295 145 370 151 350 372 275 366 ShortSide_forGripper
cross_00102 0.296 227 157 273 130 340 242 294 269 ShortSide_forGripper
cross_00102 0.301 177 331 184 284 258 296 251 343 ShortSide_forGripper
cross_00102 0.305 310 146 362 153 349 247 297 240 ShortSide_forGripper
cross_00102 0.309 162 121 241 138 197 344 118 327 ShortSide_forGripper
cross_00102 0.333 105 307 121 234 270 268 254 341 ShortSide_forGripper
cross_00102 0.381 193 152 244 90 364 191 313 253 ShortSide_forGripper
