cross_00098 0.252 162 245 163 282 115 282 114 245 ShortSide_forGripper
cross_00098 0.259 117 242 126 215 168 229 159 256 ShortSide_forGripper
cross_00098 0.278 151 188 194 172 254 337 211 353 ShortSide_forGripper
cross_00098 0.315 320 87 338 157 219 186 201 116 ShortSide_forGripper
cross_00098 0.315 412 203 418 236 315 254 309 221 ShortSide_forGripper
cross_00098 0.327 227 313 235 236 388 252 380 329 ShortSide_forGripper
cross_00098 0.329 79 291 88 182 342 204 333 313 ShortSide_forGripper
cross_00098 0.349 136 133 246 118 279 350 169 365 ShortSide_forGripper
cross_00098 0.364 128 284 128 239 304 239 304 284 ShortSide_forGripper
cross_00098 0.456 423 166 444 217 270 291 249 240 ShortSide_forGripper
