cross_00050 0.261 163 382 189 331 300 387 274 438 ShortSide_forGripper
cross_00050 0.272 144 363 162 315 279 360 261 408 ShortSide_forGripper
cross_00050 0.291 210 393 227 361 289 394 272 426 ShortSide_forGripper
cross_00050 0.310 175 279 216 246 258 300 217 333 ShortSide_forGripper
cross_00050 0.316 173 413 202 364 292 418 263 467 ShortSide_forGripper
cross_00050 0.417 229 250 276 230 308 307 261 327 ShortSide_forGripper
cross_00050 0.419 169 435 196 394 276 446 249 487 ShortSide_forGripper
cross_00050 0.427 387 185 416 146 476 192 447 231 ShortSide_forGripper
cross_00050 0.440 469 114 490 84 534 113 513 143 ShortSide_forGripper
cross_00050 0.470 302 275 335 232 401 282 368 325 ShortSide_forGripper
cross_00050 0.500 410 169 435 131 489 168 464 206 ShortSide_forGripper
cross_00050 0.505 369 206 400 170 454 217 423 253 ShortSide_forGripper
cross_00050 0.531 201 263 239 243 270 304 232 324 ShortSide_forGripper
cross_00050 0.548 338 237 369 197 431 244 400 284 ShortSide_forGripper
cross_00050 0.550 282 305 314 265 369 310 337 350 ShortSide_forGripper
cross_00050 0.556 438 140 462 105 515 141 491 176 ShortSide_forGripper
