cross_00024 0.252 477 305 535 286 554 346 496 365 LongSide_forGripper
cross_00024 0.258 257 345 260 292 320 296 317 349 ShortSide_forGripper
cross_00024 0.259 262 309 271 265 325 276 316 320 ShortSide_forGripper
cross_00024 0.271 321 346 330 394 268 405 259 357 ShortSide_forGripper
cross_00024 0.317 357 105 379 172 286 202 264 135 ShortSide_forGripper
cross_00024 0.365 260 254 266 186 351 193 345 261 ShortSide_forGripper
cross_00024 0.365 333 22 367 89 246 151 212 84 ShortSide_forGripper
cross_00024 0.375 534 293 551 337 497 358 480 314 ShortSide_forGripper
cross_00024 0.383 331 393 346 432 288 454 273 415 ShortSide_forGripper
cross_00024 0.411 401 154 424 200 352 235 329 189 ShortSide_forGripper
