star_00069 0.288 312 151 335 110 403 148 380 189 ShortSide_forGripper
star_00069 0.327 370 98 379 75 405 85 396 108 ShortSide_forGripper
star_00069 0.343 164 110 184 129 155 159 135 140 ShortSide_forGripper
star_00069 0.366 249 157 286 188 248 234 211 203 ShortSide_forGripper
star_00069 0.375 208 257 234 226 271 258 245 289 ShortSide_forGripper
star_00069 0.383 347 123 364 93 406 116 389 146 ShortSide_forGripper
star_00069 0.427 152 304 183 281 217 327 186 350 ShortSide_forGripper
star_00069 0.452 232 143 268 173 229 220 193 190 ShortSide_forGripper
star_00069 0.467 366 105 378 79 413 96 401 122 ShortSide_forGripper
star_00069 0.525 164 289 195 260 239 306 208 335 ShortSide_forGripper
star_00069 0.593 185 276 214 247 252 285 223 314 ShortSide_forGripper
star_00069 0.625 204 125 237 152 197 202 164 175 ShortSide_forGripper
star_00069 0.673 186 113 218 140 177 188 145 161 ShortSide_forGripper
