star_00027 0.252 158 183 170 153 263 190 251 220 ShortSide_forGripper
star_00027 0.259 176 243 182 203 265 216 259 256 ShortSide_forGripper
star_00027 0.267 272 155 309 163 283 278 246 270 ShortSide_forGripper
star_00027 0.268 207 196 219 160 344 201 332 237 ShortSide_forGripper
star_00027 0.285 269 141 295 131 326 216 300 226 ShortSide_forGripper
star_00027 0.291 332 178 343 227 223 255 212 206 ShortSide_forGripper
star_00027 0.328 212 168 223 119 315 141 304 190 ShortSide_forGripper
star_00027 0.366 289 213 297 260 224 272 216 225 ShortSide_forGripper
star_00027 0.371 164 194 172 146 329 171 321 219 ShortSide_forGripper
star_00027 0.447 287 131 315 137 294 228 266 222 ShortSide_forGripper
star_00027 0.464 212 120 281 102 315 229 246 247 ShortSide_forGripper
star_00027 0.471 165 235 178 161 316 186 303 260 ShortSide_forGripper
star_00027 0.489 277 123 286 196 168 210 159 137 ShortSide_forGripper
