star_00062 0.252 359 225 375 279 204 328 188 274 ShortSide_forGripper
star_00062 0.260 185 119 245 114 262 314 202 319 ShortSide_forGripper
star_00062 0.309 253 271 273 221 368 260 348 310 ShortSide_forGripper
star_00062 0.325 359 193 366 240 178 266 171 219 ShortSide_forGripper
star_00062 0.360 352 138 353 192 245 195 244 141 ShortSide_forGripper
star_00062 0.371 372 115 381 191 177 216 168 140 ShortSide_forGripper
star_00062 0.371 234 133 291 122 325 292 268 303 ShortSide_forGripper
star_00062 0.385 173 278 182 200 384 225 375 303 ShortSide_forGripper
star_00062 0.426 206 120 254 112 289 311 241 319 ShortSide_forGripper
star_00062 0.431 202 201 227 124 409 184 384 261 ShortSide_forGripper
star_00062 0.492 234 102 342 119 307 343 199 326 ShortSide_forGripper
