star_00068 0.255 192 194 229 187 239 243 202 250 ShortSide_forGripper
star_00068 0.260 382 316 397 341 359 363 344 338 ShortSide_forGripper
star_00068 0.265 356 155 393 138 415 186 378 203 ShortSide_forGripper
star_00068 0.287 303 137 323 171 280 198 260 164 ShortSide_forGripper
star_00068 0.292 174 197 213 189 225 248 186 256 ShortSide_forGripper
star_00068 0.305 378 146 412 126 441 177 407 197 ShortSide_forGripper
star_00068 0.354 372 251 398 290 321 340 295 301 ShortSide_forGripper
star_00068 0.373 249 43 258 71 216 84 207 56 ShortSide_forGripper
star_00068 0.408 291 121 310 153 266 178 247 146 ShortSide_forGripper
star_00068 0.455 261 49 274 82 222 102 209 69 ShortSide_forGripper
star_00068 0.502 281 94 301 129 246 161 226 126 ShortSide_forGripper
star_00068 0.555 377 280 399 315 322 363 300 328 ShortSide_forGripper
star_00068 0.670 276 67 296 105 233 138 213 100 ShortSide_forGripper
