star_00029 0.256 186 161 224 151 247 236 209 246 ShortSide_forGripper
star_00029 0.260 273 140 324 122 362 233 311 251 ShortSide_forGripper
star_00029 0.271 171 263 183 196 300 216 288 283 ShortSide_forGripper
star_00029 0.276 220 183 227 134 343 150 336 199 ShortSide_forGripper
star_00029 0.285 238 251 242 231 271 236 267 256 ShortSide_forGripper
star_00029 0.286 272 143 285 187 161 222 148 178 ShortSide_forGripper
star_00029 0.333 337 181 342 232 208 246 203 195 ShortSide_forGripper
star_00029 0.339 197 163 213 92 354 124 338 195 ShortSide_forGripper
star_00029 0.346 316 152 358 172 307 277 265 257 ShortSide_forGripper
star_00029 0.375 145 228 168 157 298 199 275 270 ShortSide_forGripper
star_00029 0.418 153 201 160 122 322 136 315 215 ShortSide_forGripper
star_00029 0.427 187 115 261 123 246 264 172 256 ShortSide_forGripper
star_00029 0.435 231 114 301 85 360 223 290 252 ShortSide_forGripper
star_00029 0.445 173 171 198 162 230 248 205 257 ShortSide_forGripper
star_00029 0.467 188 231 188 153 357 153 357 231 ShortSide_forGripper
