star_00024 0.252 278 153 291 199 127 246 114 200 ShortSide_forGripper
star_00024 0.258 215 278 218 252 254 255 251 281 ShortSide_forGripper
star_00024 0.264 238 105 250 150 139 180 127 135 ShortSide_forGripper
star_00024 0.278 148 265 166 217 279 258 261 306 ShortSide_forGripper
star_00024 0.316 137 241 148 184 326 218 315 275 ShortSide_forGripper
star_00024 0.328 170 126 199 139 157 233 128 220 ShortSide_forGripper
star_00024 0.348 285 126 287 202 122 207 120 131 ShortSide_forGripper
star_00024 0.378 265 141 336 154 310 300 239 287 ShortSide_forGripper
star_00024 0.390 333 202 341 275 198 293 190 220 ShortSide_forGripper
star_00024 0.395 175 166 185 113 322 139 312 192 ShortSide_forGripper
star_00024 0.403 125 196 193 171 234 283 166 308 ShortSide_forGripper
star_00024 0.410 238 135 285 111 341 220 294 244 ShortSide_forGripper
star_00024 0.439 208 115 284 96 327 266 251 285 ShortSide_forGripper
star_00024 0.480 129 222 137 141 348 163 340 244 ShortSide_forGripper
star_00024 0.494 156 97 235 106 217 278 138 269 ShortSide_forGripper
