star_00023 0.269 264 124 310 149 237 281 191 256 ShortSide_forGripper
star_00023 0.287 184 239 192 191 347 218 339 266 ShortSide_forGripper
star_00023 0.302 255 210 262 161 424 187 417 236 ShortSide_forGripper
star_00023 0.317 252 275 268 253 299 276 283 298 ShortSide_forGripper
star_00023 0.318 226 278 237 224 369 249 358 303 ShortSide_forGripper
star_00023 0.325 294 296 297 266 347 271 344 301 ShortSide_forGripper
star_00023 0.330 336 130 344 190 235 203 227 143 ShortSide_forGripper
star_00023 0.339 298 309 302 282 343 288 339 315 ShortSide_forGripper
star_00023 0.349 214 188 258 171 315 313 271 330 ShortSide_forGripper
star_00023 0.361 192 229 221 178 367 262 338 313 ShortSide_forGripper
star_00023 0.373 365 188 414 201 382 331 333 318 ShortSide_forGripper
star_00023 0.386 299 145 376 133 404 304 327 316 ShortSide_forGripper
star_00023 0.392 232 307 242 255 363 278 353 330 ShortSide_forGripper
star_00023 0.397 260 202 268 129 401 143 393 216 ShortSide_forGripper
star_00023 0.410 279 203 308 153 434 226 405 276 ShortSide_forGripper
star_00023 0.427 397 246 413 296 294 335 278 285 ShortSide_forGripper
star_00023 0.457 418 206 438 260 275 319 255 265 ShortSide_forGripper
star_00023 0.462 251 122 332 131 312 325 231 316 ShortSide_forGripper
star_00023 0.480 350 159 370 214 211 272 191 217 ShortSide_forGripper
star_00023 0.505 185 269 194 160 426 180 417 289 ShortSide_forGripper
