star_00025 0.268 309 179 380 169 396 284 325 294 ShortSide_forGripper
star_00025 0.283 244 303 254 277 307 296 297 322 ShortSide_forGripper
star_00025 0.305 315 197 359 212 308 362 264 347 ShortSide_forGripper
star_00025 0.312 160 257 171 199 337 232 326 290 ShortSide_forGripper
star_00025 0.352 205 333 217 261 354 286 342 358 ShortSide_forGripper
star_00025 0.356 387 223 394 271 210 300 203 252 ShortSide_forGripper
star_00025 0.360 242 258 264 204 413 265 391 319 ShortSide_forGripper
star_00025 0.361 163 279 202 212 334 288 295 355 ShortSide_forGripper
star_00025 0.387 342 192 374 194 367 293 335 291 ShortSide_forGripper
star_00025 0.420 230 142 305 158 273 309 198 293 ShortSide_forGripper
star_00025 0.422 187 278 213 172 422 225 396 331 ShortSide_forGripper
star_00025 0.441 338 154 348 229 215 245 205 170 ShortSide_forGripper
star_00025 0.448 300 161 377 170 359 340 282 331 ShortSide_forGripper
star_00025 0.537 256 205 274 153 397 196 379 248 ShortSide_forGripper
