star_00028 0.251 227 258 233 221 330 235 324 272 ShortSide_forGripper
star_00028 0.252 358 219 361 231 337 236 334 224 LongSide_forGripper
star_00028 0.264 332 191 365 205 327 296 294 282 ShortSide_forGripper
star_00028 0.292 375 209 385 256 274 280 264 233 ShortSide_forGripper
star_00028 0.300 207 205 234 195 264 278 237 288 ShortSide_forGripper
star_00028 0.310 254 202 263 153 357 171 348 220 ShortSide_forGripper
star_00028 0.379 243 227 255 174 374 202 362 255 ShortSide_forGripper
star_00028 0.411 231 146 304 162 276 295 203 279 ShortSide_forGripper
star_00028 0.418 289 161 359 168 346 286 276 279 ShortSide_forGripper
star_00028 0.432 193 258 211 188 352 223 334 293 ShortSide_forGripper
star_00028 0.496 199 234 205 159 348 171 342 246 ShortSide_forGripper
