star_00064 0.253 207 91 248 74 308 216 267 233 ShortSide_forGripper
star_00064 0.266 249 171 275 125 364 176 338 222 ShortSide_forGripper
star_00064 0.267 222 93 249 46 365 112 338 159 ShortSide_forGripper
star_00064 0.272 327 131 360 173 272 242 239 200 ShortSide_forGripper
star_00064 0.278 136 219 149 166 311 206 298 259 ShortSide_forGripper
star_00064 0.284 164 67 221 69 215 266 158 264 ShortSide_forGripper
star_00064 0.307 232 99 307 72 363 226 288 253 ShortSide_forGripper
star_00064 0.307 292 135 307 180 149 234 134 189 ShortSide_forGripper
star_00064 0.331 144 171 155 124 327 164 316 211 ShortSide_forGripper
star_00064 0.333 307 65 332 113 216 172 191 124 ShortSide_forGripper
star_00064 0.362 287 72 302 125 146 169 131 116 ShortSide_forGripper
star_00064 0.393 118 228 131 122 355 149 342 255 ShortSide_forGripper
star_00064 0.417 190 55 267 63 245 266 168 258 ShortSide_forGripper
star_00064 0.444 228 35 335 52 299 282 192 265 ShortSide_forGripper
star_00064 0.618 124 186 124 81 344 81 344 186 ShortSide_forGripper
