star_00057 0.300 285 44 317 108 204 165 172 101 ShortSide_forGripper
star_00057 0.322 383 172 393 219 204 263 194 216 ShortSide_forGripper
star_00057 0.353 325 97 395 111 362 280 292 266 ShortSide_forGripper
star_00057 0.358 221 123 249 81 390 176 362 218 ShortSide_forGripper
star_00057 0.411 223 97 265 78 340 238 298 257 ShortSide_forGripper
star_00057 0.414 308 61 356 125 197 246 149 182 ShortSide_forGripper
star_00057 0.429 194 132 242 110 305 243 257 265 ShortSide_forGripper
star_00057 0.431 178 218 198 111 413 153 393 260 ShortSide_forGripper
star_00057 0.447 280 44 380 77 313 283 213 250 ShortSide_forGripper
star_00057 0.494 273 78 321 81 308 257 260 254 ShortSide_forGripper
