loop_00052 0.254 139 219 214 222 208 372 133 369 ShortSide_forGripper
loop_00052 0.289 105 257 198 261 192 410 99 406 ShortSide_forGripper
loop_00052 0.291 98 175 117 135 171 160 152 200 ShortSide_forGripper
loop_00052 0.295 255 294 296 325 240 397 199 366 ShortSide_forGripper
loop_00052 0.302 169 327 239 319 254 464 184 472 ShortSide_forGripper
loop_00052 0.306 267 369 304 352 328 404 291 421 ShortSide_forGripper
loop_00052 0.307 129 125 163 85 230 144 196 184 ShortSide_forGripper
loop_00052 0.310 141 363 204 357 216 466 153 472 ShortSide_forGripper
loop_00052 0.312 398 277 414 248 461 274 445 303 ShortSide_forGripper
loop_00052 0.313 196 298 270 300 267 421 193 419 ShortSide_forGripper
loop_00052 0.333 202 385 246 359 291 432 247 458 ShortSide_forGripper
loop_00052 0.366 452 138 470 176 419 199 401 161 ShortSide_forGripper
loop_00052 0.377 115 138 140 101 196 139 171 176 ShortSide_forGripper
loop_00052 0.409 187 386 236 376 252 453 203 463 ShortSide_forGripper
loop_00052 0.412 257 38 303 38 303 108 257 108 ShortSide_forGripper
loop_00052 0.460 365 309 391 270 450 310 424 349 ShortSide_forGripper
loop_00052 0.460 401 74 428 96 382 153 355 131 ShortSide_forGripper
loop_00052 0.486 371 49 404 68 364 136 331 117 ShortSide_forGripper
loop_00052 0.488 435 116 460 152 410 187 385 151 ShortSide_forGripper
loop_00052 0.515 278 30 321 33 317 113 274 110 ShortSide_forGripper
loop_00052 0.517 283 356 319 339 346 397 310 414 ShortSide_forGripper
loop_00052 0.529 203 55 240 39 266 98 229 114 ShortSide_forGripper
loop_00052 0.555 384 294 403 261 455 289 436 322 ShortSide_forGripper
loop_00052 0.557 143 93 178 59 232 116 197 150 ShortSide_forGripper
loop_00052 0.559 338 38 381 57 349 129 306 110 ShortSide_forGripper
loop_00052 0.573 344 321 383 292 431 356 392 385 ShortSide_forGripper
loop_00052 0.583 293 353 333 324 372 378 332 407 ShortSide_forGripper
loop_00052 0.593 422 95 449 131 397 170 370 134 ShortSide_forGripper
loop_00052 0.609 179 64 220 46 248 109 207 127 ShortSide_forGripper
loop_00052 0.726 316 339 355 310 401 370 362 399 ShortSide_forGripper
