loop_00021 0.261 335 139 365 151 350 188 320 176 ShortSide_forGripper
loop_00021 0.261 295 173 325 177 320 216 290 212 ShortSide_forGripper
loop_00021 0.268 353 231 376 231 376 256 353 256 ShortSide_forGripper
loop_00021 0.268 192 248 210 248 211 273 193 273 LongSide_forGripper
loop_00021 0.277 217 179 234 162 256 184 239 201 ShortSide_forGripper
loop_00021 0.281 349 220 371 212 380 235 358 243 ShortSide_forGripper
loop_00021 0.281 267 333 293 341 284 372 258 364 ShortSide_forGripper
loop_00021 0.282 410 199 418 230 385 238 377 207 ShortSide_forGripper
loop_00021 0.284 256 181 283 172 295 206 268 215 ShortSide_forGripper
loop_00021 0.287 230 308 244 325 225 341 211 324 ShortSide_forGripper
loop_00021 0.289 364 188 380 212 347 233 331 209 ShortSide_forGripper
loop_00021 0.292 239 186 268 172 284 203 255 217 ShortSide_forGripper
loop_00021 0.294 308 131 343 137 335 182 300 176 ShortSide_forGripper
loop_00021 0.295 334 339 360 324 375 350 349 365 ShortSide_forGripper
loop_00021 0.303 291 137 335 140 332 202 288 199 ShortSide_forGripper
loop_00021 0.307 338 339 346 362 323 370 315 347 ShortSide_forGripper
loop_00021 0.312 242 312 258 331 233 351 217 332 ShortSide_forGripper
loop_00021 0.313 383 218 409 211 416 241 390 248 ShortSide_forGripper
loop_00021 0.315 352 147 378 164 359 192 333 175 ShortSide_forGripper
loop_00021 0.322 394 277 413 282 407 304 388 299 ShortSide_forGripper
loop_00021 0.322 367 323 381 296 408 310 394 337 ShortSide_forGripper
loop_00021 0.332 259 328 284 337 272 369 247 360 ShortSide_forGripper
loop_00021 0.335 282 188 298 214 269 231 253 205 ShortSide_forGripper
loop_00021 0.339 226 300 236 322 213 333 203 311 ShortSide_forGripper
loop_00021 0.339 275 175 305 170 312 214 282 219 ShortSide_forGripper
loop_00021 0.348 334 181 360 195 345 224 319 210 ShortSide_forGripper
loop_00021 0.351 251 145 289 134 308 194 270 205 ShortSide_forGripper
loop_00021 0.353 248 320 270 333 251 365 229 352 ShortSide_forGripper
loop_00021 0.368 222 293 233 315 209 326 198 304 ShortSide_forGripper
loop_00021 0.375 384 177 401 204 363 228 346 201 ShortSide_forGripper
loop_00021 0.379 375 306 385 280 414 291 404 317 ShortSide_forGripper
loop_00021 0.386 342 334 365 317 383 341 360 358 ShortSide_forGripper
loop_00021 0.389 218 279 223 301 201 306 196 284 ShortSide_forGripper
loop_00021 0.400 344 141 383 162 351 222 312 201 ShortSide_forGripper
loop_00021 0.403 348 329 359 355 331 366 320 340 ShortSide_forGripper
loop_00021 0.405 198 219 219 226 211 250 190 243 ShortSide_forGripper
loop_00021 0.414 221 177 244 188 232 212 209 201 ShortSide_forGripper
loop_00021 0.417 395 261 417 265 412 288 390 284 ShortSide_forGripper
loop_00021 0.428 220 286 227 308 205 315 198 293 ShortSide_forGripper
loop_00021 0.430 194 239 212 240 211 264 193 263 ShortSide_forGripper
loop_00021 0.432 314 176 339 180 333 215 308 211 ShortSide_forGripper
loop_00021 0.444 393 187 405 209 380 222 368 200 ShortSide_forGripper
loop_00021 0.453 203 202 227 211 218 235 194 226 ShortSide_forGripper
loop_00021 0.454 393 242 419 247 414 277 388 272 ShortSide_forGripper
loop_00021 0.463 193 276 210 270 216 291 199 297 ShortSide_forGripper
loop_00021 0.477 235 158 266 142 286 181 255 197 ShortSide_forGripper
loop_00021 0.478 199 210 212 184 240 199 227 225 ShortSide_forGripper
loop_00021 0.481 216 178 241 154 275 189 250 213 ShortSide_forGripper
loop_00021 0.513 388 228 417 227 417 259 388 260 ShortSide_forGripper
loop_00021 0.527 379 161 398 183 364 212 345 190 ShortSide_forGripper
loop_00021 0.538 189 258 208 255 212 279 193 282 ShortSide_forGripper
