loop_00044 0.252 240 132 267 118 283 151 256 165 ShortSide_forGripper
loop_00044 0.256 320 144 349 153 339 185 310 176 ShortSide_forGripper
loop_00044 0.259 387 276 396 248 424 257 415 285 ShortSide_forGripper
loop_00044 0.265 207 175 222 152 246 168 231 191 ShortSide_forGripper
loop_00044 0.273 348 305 376 281 405 316 377 340 ShortSide_forGripper
loop_00044 0.275 344 155 370 169 353 202 327 188 ShortSide_forGripper
loop_00044 0.278 305 307 337 301 344 342 312 348 ShortSide_forGripper
loop_00044 0.279 397 160 411 188 366 211 352 183 ShortSide_forGripper
loop_00044 0.281 273 314 305 325 292 363 260 352 ShortSide_forGripper
loop_00044 0.289 225 243 236 280 196 292 185 255 ShortSide_forGripper
loop_00044 0.290 363 256 371 227 418 239 410 268 ShortSide_forGripper
loop_00044 0.293 317 103 358 114 342 176 301 165 ShortSide_forGripper
loop_00044 0.294 254 122 290 110 307 161 271 173 ShortSide_forGripper
loop_00044 0.301 222 152 244 132 267 157 245 177 ShortSide_forGripper
loop_00044 0.306 387 278 411 290 398 317 374 305 ShortSide_forGripper
loop_00044 0.306 402 227 428 234 421 260 395 253 ShortSide_forGripper
loop_00044 0.309 355 274 367 244 404 259 392 289 ShortSide_forGripper
loop_00044 0.312 252 303 273 315 255 346 234 334 ShortSide_forGripper
loop_00044 0.320 336 322 363 309 377 337 350 350 ShortSide_forGripper
loop_00044 0.328 386 262 393 233 427 241 420 270 ShortSide_forGripper
loop_00044 0.337 191 271 216 259 228 284 203 296 ShortSide_forGripper
loop_00044 0.338 194 190 211 164 239 183 222 209 ShortSide_forGripper
loop_00044 0.341 187 203 205 173 236 192 218 222 ShortSide_forGripper
loop_00044 0.342 332 294 363 279 389 329 358 344 ShortSide_forGripper
loop_00044 0.343 394 264 419 273 409 299 384 290 ShortSide_forGripper
loop_00044 0.346 406 168 418 192 387 207 375 183 ShortSide_forGripper
loop_00044 0.353 416 188 424 211 401 219 393 196 ShortSide_forGripper
loop_00044 0.359 245 151 276 137 294 176 263 190 ShortSide_forGripper
loop_00044 0.374 395 207 419 203 424 230 400 234 ShortSide_forGripper
loop_00044 0.378 385 244 387 210 430 213 428 247 ShortSide_forGripper
loop_00044 0.381 341 117 372 131 352 178 321 164 ShortSide_forGripper
loop_00044 0.383 261 299 287 312 268 352 242 339 ShortSide_forGripper
loop_00044 0.394 360 119 391 137 365 182 334 164 ShortSide_forGripper
loop_00044 0.398 319 293 354 282 372 340 337 351 ShortSide_forGripper
loop_00044 0.436 391 146 407 172 370 195 354 169 ShortSide_forGripper
loop_00044 0.469 411 180 420 202 396 211 387 189 ShortSide_forGripper
loop_00044 0.511 201 182 226 153 260 183 235 212 ShortSide_forGripper
loop_00044 0.552 216 161 243 135 281 174 254 200 ShortSide_forGripper
