loop_00001 0.260 122 186 166 150 215 211 171 247 ShortSide_forGripper
loop_00001 0.262 461 103 475 145 398 170 384 128 ShortSide_forGripper
loop_00001 0.282 231 267 253 306 184 346 162 307 ShortSide_forGripper
loop_00001 0.292 153 162 192 138 224 189 185 213 ShortSide_forGripper
loop_00001 0.323 195 280 243 260 284 363 236 383 ShortSide_forGripper
loop_00001 0.328 212 120 252 100 285 167 245 187 ShortSide_forGripper
loop_00001 0.345 243 287 290 265 322 334 275 356 ShortSide_forGripper
loop_00001 0.362 241 105 284 83 318 154 275 176 ShortSide_forGripper
loop_00001 0.371 177 143 220 119 254 180 211 204 ShortSide_forGripper
loop_00001 0.394 477 151 488 196 404 216 393 171 ShortSide_forGripper
loop_00001 0.399 470 132 481 178 399 197 388 151 ShortSide_forGripper
loop_00001 0.400 330 244 370 224 399 283 359 303 ShortSide_forGripper
loop_00001 0.411 312 252 352 232 381 291 341 311 ShortSide_forGripper
loop_00001 0.418 359 236 396 218 422 273 385 291 ShortSide_forGripper
loop_00001 0.423 293 268 336 247 366 307 323 328 ShortSide_forGripper
loop_00001 0.444 219 244 240 282 170 319 149 281 ShortSide_forGripper
loop_00001 0.460 300 77 343 56 377 126 334 147 ShortSide_forGripper
loop_00001 0.461 274 90 318 69 351 137 307 158 ShortSide_forGripper
loop_00001 0.471 273 273 316 252 350 322 307 343 ShortSide_forGripper
loop_00001 0.543 193 203 205 243 136 264 124 224 ShortSide_forGripper
loop_00001 0.585 210 233 223 270 151 294 138 257 ShortSide_forGripper
