loop_00054 0.257 136 79 176 60 203 116 163 135 ShortSide_forGripper
loop_00054 0.274 256 330 259 261 377 265 374 334 ShortSide_forGripper
loop_00054 0.279 277 254 325 229 366 311 318 336 ShortSide_forGripper
loop_00054 0.283 233 337 285 333 292 432 240 436 ShortSide_forGripper
loop_00054 0.290 104 308 139 336 103 381 68 353 ShortSide_forGripper
loop_00054 0.300 404 161 424 194 375 224 355 191 ShortSide_forGripper
loop_00054 0.312 136 107 169 89 193 136 160 154 ShortSide_forGripper
loop_00054 0.316 340 234 360 197 411 225 391 262 ShortSide_forGripper
loop_00054 0.346 113 316 160 341 130 399 83 374 ShortSide_forGripper
loop_00054 0.365 273 65 308 77 288 136 253 124 ShortSide_forGripper
loop_00054 0.397 307 76 336 90 312 143 283 129 ShortSide_forGripper
loop_00054 0.437 21 218 35 176 124 207 110 249 ShortSide_forGripper
loop_00054 0.440 173 328 215 340 192 427 150 415 ShortSide_forGripper
loop_00054 0.449 191 330 240 336 228 433 179 427 ShortSide_forGripper
loop_00054 0.456 143 333 188 350 164 414 119 397 ShortSide_forGripper
loop_00054 0.464 214 334 266 335 263 433 211 432 ShortSide_forGripper
loop_00054 0.470 287 69 323 81 304 138 268 126 ShortSide_forGripper
loop_00054 0.488 59 160 88 124 146 169 117 205 ShortSide_forGripper
loop_00054 0.512 255 52 292 60 276 137 239 129 ShortSide_forGripper
loop_00054 0.541 213 46 258 46 258 142 213 142 ShortSide_forGripper
loop_00054 0.551 332 87 358 108 323 152 297 131 ShortSide_forGripper
loop_00054 0.552 386 137 410 169 361 206 337 174 ShortSide_forGripper
loop_00054 0.559 45 186 66 148 130 183 109 221 ShortSide_forGripper
loop_00054 0.579 176 59 221 47 245 136 200 148 ShortSide_forGripper
loop_00054 0.580 363 119 392 148 356 184 327 155 ShortSide_forGripper
loop_00054 0.611 351 107 376 132 340 166 315 141 ShortSide_forGripper
loop_00054 0.618 107 94 149 69 192 139 150 164 ShortSide_forGripper
loop_00054 0.634 144 73 187 55 221 136 178 154 ShortSide_forGripper
loop_00054 0.672 76 126 115 88 175 151 136 189 ShortSide_forGripper
