loop_00022 0.251 278 347 318 350 315 408 275 405 ShortSide_forGripper
loop_00022 0.257 280 143 312 138 319 180 287 185 ShortSide_forGripper
loop_00022 0.259 416 189 438 177 451 202 429 214 ShortSide_forGripper
loop_00022 0.262 330 104 363 113 351 157 318 148 ShortSide_forGripper
loop_00022 0.263 430 156 447 178 413 203 396 181 ShortSide_forGripper
loop_00022 0.265 439 173 455 207 408 228 392 194 ShortSide_forGripper
loop_00022 0.270 448 202 456 241 409 251 401 212 ShortSide_forGripper
loop_00022 0.274 333 92 370 98 362 143 325 137 ShortSide_forGripper
loop_00022 0.281 257 327 308 347 278 422 227 402 ShortSide_forGripper
loop_00022 0.283 239 322 283 345 252 403 208 380 ShortSide_forGripper
loop_00022 0.287 409 200 436 191 446 221 419 230 ShortSide_forGripper
loop_00022 0.287 364 145 392 154 381 188 353 179 ShortSide_forGripper
loop_00022 0.310 243 138 279 129 294 185 258 194 ShortSide_forGripper
loop_00022 0.314 172 163 200 136 237 174 209 201 ShortSide_forGripper
loop_00022 0.318 196 280 218 314 171 345 149 311 ShortSide_forGripper
loop_00022 0.323 381 325 408 288 462 326 435 363 ShortSide_forGripper
loop_00022 0.330 298 358 340 343 359 399 317 414 ShortSide_forGripper
loop_00022 0.331 261 137 297 131 308 186 272 192 ShortSide_forGripper
loop_00022 0.344 166 172 199 136 269 201 236 237 ShortSide_forGripper
loop_00022 0.344 420 139 438 163 403 188 385 164 ShortSide_forGripper
loop_00022 0.350 414 282 429 250 479 273 464 305 ShortSide_forGripper
loop_00022 0.360 402 312 417 280 465 303 450 335 ShortSide_forGripper
loop_00022 0.379 218 115 257 97 285 160 246 178 ShortSide_forGripper
loop_00022 0.382 161 234 178 197 246 229 229 266 ShortSide_forGripper
loop_00022 0.385 328 348 372 329 399 395 355 414 ShortSide_forGripper
loop_00022 0.385 315 354 356 340 376 399 335 413 ShortSide_forGripper
loop_00022 0.398 402 138 423 163 389 191 368 166 ShortSide_forGripper
loop_00022 0.410 194 197 218 167 261 202 237 232 ShortSide_forGripper
loop_00022 0.413 222 301 257 334 207 388 172 355 ShortSide_forGripper
loop_00022 0.414 352 94 391 109 367 171 328 156 ShortSide_forGripper
loop_00022 0.441 277 82 331 82 331 182 277 182 ShortSide_forGripper
loop_00022 0.444 312 85 359 87 355 178 308 176 ShortSide_forGripper
loop_00022 0.456 211 142 253 121 288 191 246 212 ShortSide_forGripper
loop_00022 0.464 353 344 392 318 430 375 391 401 ShortSide_forGripper
loop_00022 0.472 199 132 237 113 268 173 230 192 ShortSide_forGripper
loop_00022 0.475 405 297 421 264 470 288 454 321 ShortSide_forGripper
loop_00022 0.490 412 155 428 179 393 202 377 178 ShortSide_forGripper
loop_00022 0.515 240 97 290 84 315 178 265 191 ShortSide_forGripper
loop_00022 0.524 374 105 411 125 377 190 340 170 ShortSide_forGripper
