loop_00058 0.262 353 219 368 260 286 290 271 249 ShortSide_forGripper
loop_00058 0.299 312 185 324 208 291 224 279 201 ShortSide_forGripper
loop_00058 0.313 289 198 305 224 254 255 238 229 ShortSide_forGripper
loop_00058 0.336 292 128 307 158 227 197 212 167 ShortSide_forGripper
loop_00058 0.369 331 181 350 222 256 266 237 225 ShortSide_forGripper
loop_00058 0.406 343 190 355 221 304 241 292 210 ShortSide_forGripper
loop_00058 0.432 311 205 332 240 260 282 239 247 ShortSide_forGripper
loop_00058 0.451 337 170 351 206 292 229 278 193 ShortSide_forGripper
loop_00058 0.480 291 188 302 213 246 237 235 212 ShortSide_forGripper
loop_00058 0.535 335 164 346 193 300 211 289 182 ShortSide_forGripper
loop_00058 0.568 292 146 313 186 239 225 218 185 ShortSide_forGripper
