loop_00010 0.262 374 226 410 178 491 237 455 285 ShortSide_forGripper
loop_00010 0.284 326 75 358 104 321 144 289 115 ShortSide_forGripper
loop_00010 0.376 274 246 310 277 261 335 225 304 ShortSide_forGripper
loop_00010 0.405 436 147 473 176 407 260 370 231 ShortSide_forGripper
loop_00010 0.417 301 270 331 294 284 351 254 327 ShortSide_forGripper
loop_00010 0.423 218 192 253 153 311 203 276 242 ShortSide_forGripper
loop_00010 0.472 368 275 396 243 443 284 415 316 ShortSide_forGripper
loop_00010 0.493 370 109 412 134 365 214 323 189 ShortSide_forGripper
loop_00010 0.506 320 282 353 310 307 365 274 337 ShortSide_forGripper
loop_00010 0.543 380 257 406 225 455 266 429 298 ShortSide_forGripper
loop_00010 0.551 193 220 226 174 292 221 259 267 ShortSide_forGripper
loop_00010 0.586 357 294 385 262 430 301 402 333 ShortSide_forGripper
loop_00010 0.605 333 317 361 284 410 326 382 359 ShortSide_forGripper
loop_00010 0.682 398 134 432 157 385 223 351 200 ShortSide_forGripper
