loop_00033 0.262 210 280 244 296 223 339 189 323 ShortSide_forGripper
loop_00033 0.275 309 248 315 214 364 223 358 257 ShortSide_forGripper
loop_00033 0.283 151 221 169 186 208 206 190 241 ShortSide_forGripper
loop_00033 0.307 267 296 302 278 324 321 289 339 ShortSide_forGripper
loop_00033 0.307 311 265 318 228 358 236 351 273 ShortSide_forGripper
loop_00033 0.309 195 262 218 288 182 319 159 293 ShortSide_forGripper
loop_00033 0.311 205 137 240 127 258 186 223 196 ShortSide_forGripper
loop_00033 0.311 289 137 317 150 296 194 268 181 ShortSide_forGripper
loop_00033 0.314 244 128 281 130 279 185 242 183 ShortSide_forGripper
loop_00033 0.342 189 150 219 135 242 181 212 196 ShortSide_forGripper
loop_00033 0.364 281 289 313 262 344 298 312 325 ShortSide_forGripper
loop_00033 0.395 169 185 192 158 222 184 199 211 ShortSide_forGripper
