loop_00026 0.293 314 212 318 239 269 247 265 220 ShortSide_forGripper
loop_00026 0.319 320 257 325 286 287 292 282 263 ShortSide_forGripper
loop_00026 0.326 329 273 364 258 388 312 353 327 ShortSide_forGripper
loop_00026 0.403 405 204 408 246 352 251 349 209 ShortSide_forGripper
loop_00026 0.405 287 175 321 163 344 226 310 238 ShortSide_forGripper
loop_00026 0.421 320 175 352 166 367 216 335 225 ShortSide_forGripper
loop_00026 0.423 400 246 403 268 363 273 360 251 ShortSide_forGripper
loop_00026 0.459 317 228 321 256 274 263 270 235 ShortSide_forGripper
loop_00026 0.489 396 191 399 214 357 220 354 197 ShortSide_forGripper
loop_00026 0.499 398 215 401 236 363 240 360 219 ShortSide_forGripper
loop_00026 0.518 403 230 404 254 360 257 359 233 ShortSide_forGripper
loop_00026 0.632 399 208 400 228 358 231 357 211 ShortSide_forGripper
loop_00026 0.670 321 246 323 271 278 275 276 250 ShortSide_forGripper
