loop_00031 0.253 349 245 358 273 326 284 317 256 ShortSide_forGripper
loop_00031 0.256 262 258 281 220 345 253 326 291 ShortSide_forGripper
loop_00031 0.295 221 325 243 297 282 328 260 356 ShortSide_forGripper
loop_00031 0.309 370 287 379 314 341 326 332 299 ShortSide_forGripper
loop_00031 0.378 366 277 373 304 333 314 326 287 ShortSide_forGripper
loop_00031 0.408 280 239 293 214 337 236 324 261 ShortSide_forGripper
loop_00031 0.433 359 260 365 280 324 291 318 271 ShortSide_forGripper
loop_00031 0.459 362 269 367 290 327 300 322 279 ShortSide_forGripper
loop_00031 0.547 237 310 253 282 294 305 278 333 ShortSide_forGripper
loop_00031 0.614 275 255 288 231 328 252 315 276 ShortSide_forGripper
loop_00031 0.740 262 274 276 250 317 273 303 297 ShortSide_forGripper
loop_00031 0.767 246 291 261 264 307 290 292 317 ShortSide_forGripper
