loop_00046 0.259 84 160 108 132 147 167 123 195 ShortSide_forGripper
loop_00046 0.272 288 387 328 358 363 404 323 433 ShortSide_forGripper
loop_00046 0.276 120 316 141 352 83 385 62 349 ShortSide_forGripper
loop_00046 0.283 122 123 149 103 177 142 150 162 ShortSide_forGripper
loop_00046 0.299 298 77 338 83 329 146 289 140 ShortSide_forGripper
loop_00046 0.304 116 242 118 281 59 285 57 246 ShortSide_forGripper
loop_00046 0.324 149 376 181 396 158 433 126 413 ShortSide_forGripper
loop_00046 0.343 377 248 399 266 374 297 352 279 ShortSide_forGripper
loop_00046 0.344 117 254 129 300 54 319 42 273 ShortSide_forGripper
loop_00046 0.353 118 294 137 334 79 361 60 321 ShortSide_forGripper
loop_00046 0.363 372 302 382 272 437 291 427 321 ShortSide_forGripper
loop_00046 0.367 399 122 428 163 356 213 327 172 ShortSide_forGripper
loop_00046 0.375 281 62 322 65 318 149 277 146 ShortSide_forGripper
loop_00046 0.377 112 284 124 323 69 339 57 300 ShortSide_forGripper
loop_00046 0.378 47 255 58 215 128 234 117 274 ShortSide_forGripper
loop_00046 0.380 371 314 385 283 436 307 422 338 ShortSide_forGripper
loop_00046 0.389 130 354 156 383 117 419 91 390 ShortSide_forGripper
loop_00046 0.400 231 406 274 387 298 441 255 460 ShortSide_forGripper
loop_00046 0.417 318 75 358 78 353 150 313 147 ShortSide_forGripper
loop_00046 0.418 303 370 340 334 392 387 355 423 ShortSide_forGripper
loop_00046 0.422 259 398 300 370 336 423 295 451 ShortSide_forGripper
loop_00046 0.423 394 132 437 184 355 253 312 201 ShortSide_forGripper
loop_00046 0.463 422 150 456 187 393 245 359 208 ShortSide_forGripper
loop_00046 0.525 244 62 290 59 295 151 249 154 ShortSide_forGripper
loop_00046 0.528 45 222 61 175 154 207 138 254 ShortSide_forGripper
loop_00046 0.540 348 340 368 304 431 339 411 375 ShortSide_forGripper
loop_00046 0.542 68 187 93 151 147 188 122 224 ShortSide_forGripper
loop_00046 0.568 129 114 169 94 200 155 160 175 ShortSide_forGripper
loop_00046 0.587 144 96 188 77 221 155 177 174 ShortSide_forGripper
loop_00046 0.630 206 69 257 62 271 158 220 165 ShortSide_forGripper
loop_00046 0.669 172 82 218 67 247 155 201 170 ShortSide_forGripper
loop_00046 0.770 98 143 132 112 177 160 143 191 ShortSide_forGripper
