loop_00036 0.251 359 306 369 270 414 283 404 319 ShortSide_forGripper
loop_00036 0.260 81 298 117 285 130 323 94 336 ShortSide_forGripper
loop_00036 0.263 239 107 243 67 322 74 318 114 ShortSide_forGripper
loop_00036 0.264 349 318 362 290 404 309 391 337 ShortSide_forGripper
loop_00036 0.276 275 366 317 349 342 409 300 426 ShortSide_forGripper
loop_00036 0.277 197 105 229 100 236 142 204 147 ShortSide_forGripper
loop_00036 0.280 294 368 330 344 361 389 325 413 ShortSide_forGripper
loop_00036 0.316 162 114 197 98 219 145 184 161 ShortSide_forGripper
loop_00036 0.316 153 345 180 364 156 398 129 379 ShortSide_forGripper
loop_00036 0.317 344 332 358 302 403 323 389 353 ShortSide_forGripper
loop_00036 0.326 119 298 137 333 102 351 84 316 ShortSide_forGripper
loop_00036 0.358 139 329 164 355 132 384 107 358 ShortSide_forGripper
loop_00036 0.363 128 314 147 344 111 367 92 337 ShortSide_forGripper
loop_00036 0.478 247 63 252 23 322 32 317 72 ShortSide_forGripper
loop_00036 0.558 246 92 249 47 317 51 314 96 ShortSide_forGripper
