loop_00000 0.262 497 209 499 242 446 244 444 211 ShortSide_forGripper
loop_00000 0.266 462 157 468 214 385 222 379 165 ShortSide_forGripper
loop_00000 0.288 141 201 147 166 198 176 192 211 ShortSide_forGripper
loop_00000 0.306 237 262 240 322 158 325 155 265 ShortSide_forGripper
loop_00000 0.350 332 268 383 268 385 363 334 363 ShortSide_forGripper
loop_00000 0.373 145 254 145 215 226 217 226 256 ShortSide_forGripper
loop_00000 0.384 193 268 242 270 238 357 189 355 ShortSide_forGripper
loop_00000 0.414 225 257 226 294 166 296 165 259 ShortSide_forGripper
loop_00000 0.425 260 281 304 284 299 358 255 355 ShortSide_forGripper
loop_00000 0.425 489 157 489 184 446 186 446 159 ShortSide_forGripper
loop_00000 0.428 491 197 492 225 448 226 447 198 ShortSide_forGripper
loop_00000 0.442 506 218 509 281 425 285 422 222 ShortSide_forGripper
loop_00000 0.448 138 233 140 195 197 198 195 236 ShortSide_forGripper
loop_00000 0.451 284 268 330 270 327 363 281 361 ShortSide_forGripper
loop_00000 0.465 211 285 250 285 250 346 211 346 ShortSide_forGripper
loop_00000 0.477 245 285 287 288 282 352 240 349 ShortSide_forGripper
loop_00000 0.479 150 283 151 232 229 234 228 285 ShortSide_forGripper
loop_00000 0.514 496 145 500 192 425 198 421 151 ShortSide_forGripper
loop_00000 0.514 308 281 350 281 350 350 308 350 ShortSide_forGripper
loop_00000 0.625 503 190 508 250 428 257 423 197 ShortSide_forGripper
loop_00000 0.642 499 162 504 220 426 227 421 169 ShortSide_forGripper
