loop_00050 0.260 497 201 508 239 452 256 441 218 ShortSide_forGripper
loop_00050 0.264 303 103 341 101 344 160 306 162 ShortSide_forGripper
loop_00050 0.266 410 121 441 138 411 192 380 175 ShortSide_forGripper
loop_00050 0.280 339 413 387 399 404 462 356 476 ShortSide_forGripper
loop_00050 0.286 317 422 362 415 370 467 325 474 ShortSide_forGripper
loop_00050 0.290 505 216 515 261 446 275 436 230 ShortSide_forGripper
loop_00050 0.295 99 262 130 284 88 345 57 323 ShortSide_forGripper
loop_00050 0.337 466 166 488 196 445 229 423 199 ShortSide_forGripper
loop_00050 0.344 388 410 424 386 457 435 421 459 ShortSide_forGripper
loop_00050 0.352 133 120 216 121 214 255 131 254 ShortSide_forGripper
loop_00050 0.356 363 415 405 399 428 460 386 476 ShortSide_forGripper
loop_00050 0.366 224 379 261 408 217 464 180 435 ShortSide_forGripper
loop_00050 0.380 156 309 178 343 127 376 105 342 ShortSide_forGripper
loop_00050 0.390 237 396 284 414 260 477 213 459 ShortSide_forGripper
loop_00050 0.446 385 104 427 120 402 187 360 171 ShortSide_forGripper
loop_00050 0.452 448 149 476 179 439 214 411 184 ShortSide_forGripper
loop_00050 0.472 174 122 231 108 255 205 198 219 ShortSide_forGripper
loop_00050 0.512 176 327 198 359 135 402 113 370 ShortSide_forGripper
loop_00050 0.536 349 96 389 100 380 185 340 181 ShortSide_forGripper
loop_00050 0.554 206 365 239 397 193 446 160 414 ShortSide_forGripper
loop_00050 0.584 180 349 208 380 163 422 135 391 ShortSide_forGripper
loop_00050 0.593 313 87 360 88 358 188 311 187 ShortSide_forGripper
loop_00050 0.609 279 92 329 88 336 189 286 193 ShortSide_forGripper
loop_00050 0.623 209 112 261 100 284 197 232 209 ShortSide_forGripper
loop_00050 0.625 429 132 460 157 426 201 395 176 ShortSide_forGripper
loop_00050 0.727 236 108 288 96 311 195 259 207 ShortSide_forGripper
