loop_00041 0.252 269 277 312 265 328 320 285 332 ShortSide_forGripper
loop_00041 0.267 420 348 426 374 399 381 393 355 ShortSide_forGripper
loop_00041 0.274 381 239 396 208 436 226 421 257 ShortSide_forGripper
loop_00041 0.281 244 19 273 13 283 58 254 64 ShortSide_forGripper
loop_00041 0.287 167 196 185 236 128 261 110 221 ShortSide_forGripper
loop_00041 0.331 414 339 423 380 339 398 330 357 ShortSide_forGripper
loop_00041 0.336 337 254 373 231 410 291 374 314 ShortSide_forGripper
loop_00041 0.357 231 250 276 269 242 351 197 332 ShortSide_forGripper
loop_00041 0.406 167 212 191 249 144 279 120 242 ShortSide_forGripper
loop_00041 0.469 196 248 240 271 205 335 161 312 ShortSide_forGripper
loop_00041 0.471 298 274 334 256 361 309 325 327 ShortSide_forGripper
loop_00041 0.479 177 225 207 258 160 300 130 267 ShortSide_forGripper
loop_00041 0.500 352 259 382 225 433 268 403 302 ShortSide_forGripper
loop_00041 0.506 413 316 421 362 328 377 320 331 ShortSide_forGripper
loop_00041 0.553 310 264 350 243 381 299 341 320 ShortSide_forGripper
