loop_00056 0.253 258 259 287 277 259 322 230 304 ShortSide_forGripper
loop_00056 0.268 229 241 274 216 322 302 277 327 ShortSide_forGripper
loop_00056 0.281 295 235 336 217 368 292 327 310 ShortSide_forGripper
loop_00056 0.312 351 219 384 202 408 248 375 265 ShortSide_forGripper
loop_00056 0.371 337 182 368 166 390 209 359 225 ShortSide_forGripper
loop_00056 0.407 248 227 284 205 319 264 283 286 ShortSide_forGripper
loop_00056 0.428 364 206 393 179 433 221 404 248 ShortSide_forGripper
loop_00056 0.578 341 188 382 164 424 237 383 261 ShortSide_forGripper
loop_00056 0.686 252 221 300 193 353 284 305 312 ShortSide_forGripper
loop_00056 0.730 291 202 337 175 386 259 340 286 ShortSide_forGripper
loop_00056 0.764 316 194 361 168 407 249 362 275 ShortSide_forGripper
