loop_00051 0.256 168 325 218 334 203 422 153 413 ShortSide_forGripper
loop_00051 0.272 324 360 370 345 391 407 345 422 ShortSide_forGripper
loop_00051 0.275 493 183 501 234 434 244 426 193 ShortSide_forGripper
loop_00051 0.315 62 175 142 168 153 292 73 299 ShortSide_forGripper
loop_00051 0.326 57 269 94 291 56 354 19 332 ShortSide_forGripper
loop_00051 0.327 403 326 433 292 476 329 446 363 ShortSide_forGripper
loop_00051 0.332 479 160 495 203 430 229 414 186 ShortSide_forGripper
loop_00051 0.349 72 305 106 325 77 374 43 354 ShortSide_forGripper
loop_00051 0.357 470 136 485 171 423 197 408 162 ShortSide_forGripper
loop_00051 0.366 111 277 171 308 118 408 58 377 ShortSide_forGripper
loop_00051 0.398 349 50 391 64 368 129 326 115 ShortSide_forGripper
loop_00051 0.408 250 59 291 48 311 122 270 133 ShortSide_forGripper
loop_00051 0.409 249 337 304 336 306 432 251 433 ShortSide_forGripper
loop_00051 0.438 437 100 461 123 414 173 390 150 ShortSide_forGripper
loop_00051 0.452 77 263 128 290 80 380 29 353 ShortSide_forGripper
loop_00051 0.484 116 159 147 118 215 170 184 211 ShortSide_forGripper
loop_00051 0.488 301 346 357 335 376 423 320 434 ShortSide_forGripper
loop_00051 0.499 208 323 252 336 225 432 181 419 ShortSide_forGripper
loop_00051 0.499 277 344 331 335 346 429 292 438 ShortSide_forGripper
loop_00051 0.500 138 141 175 93 263 160 226 208 ShortSide_forGripper
loop_00051 0.511 227 325 276 339 248 436 199 422 ShortSide_forGripper
loop_00051 0.523 272 41 326 37 333 136 279 140 ShortSide_forGripper
loop_00051 0.539 411 77 448 106 404 162 367 133 ShortSide_forGripper
loop_00051 0.543 342 354 382 333 413 393 373 414 ShortSide_forGripper
loop_00051 0.570 56 211 166 209 169 370 59 372 ShortSide_forGripper
loop_00051 0.578 311 41 359 44 354 136 306 133 ShortSide_forGripper
loop_00051 0.587 373 58 412 77 380 141 341 122 ShortSide_forGripper
loop_00051 0.600 371 348 410 319 448 369 409 398 ShortSide_forGripper
loop_00051 0.628 171 106 211 76 254 131 214 161 ShortSide_forGripper
loop_00051 0.658 226 65 273 51 297 134 250 148 ShortSide_forGripper
loop_00051 0.689 195 85 236 62 274 130 233 153 ShortSide_forGripper
loop_00051 0.753 141 136 173 94 236 141 204 183 ShortSide_forGripper
