loop_00025 0.261 255 143 299 136 308 194 264 201 ShortSide_forGripper
loop_00025 0.306 283 215 315 215 315 276 283 276 ShortSide_forGripper
loop_00025 0.311 313 132 347 132 347 179 313 179 ShortSide_forGripper
loop_00025 0.328 295 122 328 122 328 188 295 188 ShortSide_forGripper
loop_00025 0.349 315 214 351 214 351 275 315 275 ShortSide_forGripper
loop_00025 0.373 363 253 365 225 406 228 404 256 ShortSide_forGripper
loop_00025 0.431 343 121 380 121 382 190 345 190 ShortSide_forGripper
loop_00025 0.445 239 213 244 177 296 184 291 220 ShortSide_forGripper
loop_00025 0.446 298 210 332 212 329 277 295 275 ShortSide_forGripper
loop_00025 0.449 405 198 408 225 372 229 369 202 ShortSide_forGripper
loop_00025 0.467 324 124 364 124 364 186 324 186 ShortSide_forGripper
loop_00025 0.506 402 172 407 197 365 205 360 180 ShortSide_forGripper
loop_00025 0.517 406 189 409 215 365 220 362 194 ShortSide_forGripper
loop_00025 0.595 408 213 409 237 365 240 364 216 ShortSide_forGripper
