loop_00047 0.256 283 411 321 415 316 460 278 456 ShortSide_forGripper
loop_00047 0.257 399 368 420 335 466 363 445 396 ShortSide_forGripper
loop_00047 0.259 326 21 365 1 395 60 356 80 ShortSide_forGripper
loop_00047 0.264 350 40 399 51 381 135 332 124 ShortSide_forGripper
loop_00047 0.280 367 -5 420 -5 420 81 367 81 ShortSide_forGripper
loop_00047 0.280 410 102 455 150 373 227 328 179 ShortSide_forGripper
loop_00047 0.288 433 307 442 274 492 288 483 321 ShortSide_forGripper
loop_00047 0.289 340 10 392 1 409 97 357 106 ShortSide_forGripper
loop_00047 0.290 441 284 447 240 498 247 492 291 ShortSide_forGripper
loop_00047 0.295 226 386 264 405 243 449 205 430 ShortSide_forGripper
loop_00047 0.302 446 270 446 226 495 227 495 271 ShortSide_forGripper
loop_00047 0.302 105 279 114 237 172 248 163 290 ShortSide_forGripper
loop_00047 0.307 109 238 126 202 176 227 159 263 ShortSide_forGripper
loop_00047 0.318 306 52 343 50 349 127 312 129 ShortSide_forGripper
loop_00047 0.332 135 188 156 154 204 183 183 217 ShortSide_forGripper
loop_00047 0.332 333 48 374 58 358 127 317 117 ShortSide_forGripper
loop_00047 0.340 490 209 492 250 451 252 449 211 ShortSide_forGripper
loop_00047 0.340 278 70 321 57 345 133 302 146 ShortSide_forGripper
loop_00047 0.342 159 265 172 307 116 324 103 282 ShortSide_forGripper
loop_00047 0.342 414 325 437 273 505 304 482 356 ShortSide_forGripper
loop_00047 0.374 119 215 140 176 200 208 179 247 ShortSide_forGripper
loop_00047 0.376 214 374 247 394 223 433 190 413 ShortSide_forGripper
loop_00047 0.394 186 318 207 351 145 393 124 360 ShortSide_forGripper
loop_00047 0.401 411 351 428 315 480 340 463 376 ShortSide_forGripper
loop_00047 0.409 95 248 109 207 196 237 182 278 ShortSide_forGripper
loop_00047 0.415 196 336 223 362 171 415 144 389 ShortSide_forGripper
loop_00047 0.429 314 412 356 399 375 461 333 474 ShortSide_forGripper
loop_00047 0.458 166 282 181 322 125 343 110 303 ShortSide_forGripper
loop_00047 0.485 357 394 396 373 426 427 387 448 ShortSide_forGripper
loop_00047 0.487 332 407 368 391 391 444 355 460 ShortSide_forGripper
loop_00047 0.492 382 381 411 348 465 396 436 429 ShortSide_forGripper
loop_00047 0.500 260 81 298 63 329 126 291 144 ShortSide_forGripper
loop_00047 0.503 148 165 175 131 223 170 196 204 ShortSide_forGripper
loop_00047 0.596 239 88 280 68 312 133 271 153 ShortSide_forGripper
loop_00047 0.667 209 105 248 79 288 140 249 166 ShortSide_forGripper
loop_00047 0.680 178 128 214 95 265 151 229 184 ShortSide_forGripper
