loop_00039 0.251 99 284 152 248 196 311 143 347 ShortSide_forGripper
loop_00039 0.255 317 311 350 294 372 338 339 355 ShortSide_forGripper
loop_00039 0.258 231 306 271 317 256 369 216 358 ShortSide_forGripper
loop_00039 0.260 359 296 388 263 428 297 399 330 ShortSide_forGripper
loop_00039 0.280 195 289 235 306 214 358 174 341 ShortSide_forGripper
loop_00039 0.300 344 303 375 276 407 314 376 341 ShortSide_forGripper
loop_00039 0.306 50 335 90 305 137 368 97 398 ShortSide_forGripper
loop_00039 0.312 249 300 289 308 278 365 238 357 ShortSide_forGripper
loop_00039 0.313 92 370 124 354 143 391 111 407 ShortSide_forGripper
loop_00039 0.337 169 230 187 272 138 293 120 251 ShortSide_forGripper
loop_00039 0.340 284 309 322 296 341 350 303 363 ShortSide_forGripper
loop_00039 0.341 371 285 389 247 440 272 422 310 ShortSide_forGripper
loop_00039 0.686 71 311 111 286 164 370 124 395 ShortSide_forGripper
