loop_00005 0.255 232 97 270 106 257 166 219 157 ShortSide_forGripper
loop_00005 0.257 165 242 212 256 188 341 141 327 ShortSide_forGripper
loop_00005 0.273 94 277 108 217 197 238 183 298 ShortSide_forGripper
loop_00005 0.299 365 112 403 126 374 205 336 191 ShortSide_forGripper
loop_00005 0.309 201 258 246 271 224 347 179 334 ShortSide_forGripper
loop_00005 0.364 350 294 391 302 375 381 334 373 ShortSide_forGripper
loop_00005 0.375 335 110 376 125 350 193 309 178 ShortSide_forGripper
loop_00005 0.376 262 90 301 99 283 179 244 170 ShortSide_forGripper
loop_00005 0.383 266 261 315 275 287 370 238 356 ShortSide_forGripper
loop_00005 0.389 219 254 268 265 248 353 199 342 ShortSide_forGripper
loop_00005 0.405 125 177 135 141 214 162 204 198 ShortSide_forGripper
loop_00005 0.417 111 239 123 187 202 206 190 258 ShortSide_forGripper
loop_00005 0.434 290 94 328 106 305 183 267 171 ShortSide_forGripper
loop_00005 0.474 297 269 344 283 316 376 269 362 ShortSide_forGripper
loop_00005 0.494 321 280 364 290 344 375 301 365 ShortSide_forGripper
loop_00005 0.526 119 208 132 162 212 183 199 229 ShortSide_forGripper
