loop_00034 0.255 227 53 256 43 272 90 243 100 ShortSide_forGripper
loop_00034 0.257 249 299 304 300 302 390 247 389 ShortSide_forGripper
loop_00034 0.257 214 298 252 312 225 387 187 373 ShortSide_forGripper
loop_00034 0.265 226 297 274 306 259 392 211 383 ShortSide_forGripper
loop_00034 0.269 164 232 181 270 125 295 108 257 ShortSide_forGripper
loop_00034 0.327 323 309 362 277 400 324 361 356 ShortSide_forGripper
loop_00034 0.327 192 302 233 318 211 375 170 359 ShortSide_forGripper
loop_00034 0.334 182 274 218 302 179 351 143 323 ShortSide_forGripper
loop_00034 0.360 301 304 347 283 380 353 334 374 ShortSide_forGripper
loop_00034 0.370 424 187 467 187 467 272 424 272 ShortSide_forGripper
loop_00034 0.390 469 184 518 186 514 289 465 287 ShortSide_forGripper
loop_00034 0.405 171 258 194 291 146 325 123 292 ShortSide_forGripper
loop_00034 0.416 283 310 331 302 344 377 296 385 ShortSide_forGripper
loop_00034 0.601 445 172 494 174 488 285 439 283 ShortSide_forGripper
