loop_00028 0.268 365 221 381 246 348 268 332 243 ShortSide_forGripper
loop_00028 0.278 301 178 330 152 368 195 339 221 ShortSide_forGripper
loop_00028 0.343 353 205 371 231 338 254 320 228 ShortSide_forGripper
loop_00028 0.344 403 184 408 165 444 175 439 194 ShortSide_forGripper
loop_00028 0.426 382 236 391 211 429 225 420 250 ShortSide_forGripper
loop_00028 0.432 400 174 409 149 453 165 444 190 ShortSide_forGripper
loop_00028 0.472 386 225 395 199 435 214 426 240 ShortSide_forGripper
loop_00028 0.504 377 249 387 221 428 236 418 264 ShortSide_forGripper
loop_00028 0.510 394 197 403 175 443 192 434 214 ShortSide_forGripper
loop_00028 0.551 323 162 361 138 394 189 356 213 ShortSide_forGripper
loop_00028 0.553 376 141 400 119 437 160 413 182 ShortSide_forGripper
loop_00028 0.559 362 146 388 128 417 171 391 189 ShortSide_forGripper
loop_00028 0.665 345 155 375 135 404 178 374 198 ShortSide_forGripper
