loop_00055 0.252 241 216 276 203 294 253 259 266 ShortSide_forGripper
loop_00055 0.257 322 201 366 196 373 256 329 261 ShortSide_forGripper
loop_00055 0.269 301 201 341 198 344 256 304 259 ShortSide_forGripper
loop_00055 0.328 262 203 307 203 305 308 260 308 ShortSide_forGripper
loop_00055 0.386 310 229 354 234 345 312 301 307 ShortSide_forGripper
loop_00055 0.444 336 232 379 234 375 309 332 307 ShortSide_forGripper
loop_00055 0.527 372 191 420 190 421 290 373 291 ShortSide_forGripper
loop_00055 0.602 280 190 336 192 331 307 275 305 ShortSide_forGripper
loop_00055 0.624 336 185 393 184 395 302 338 303 ShortSide_forGripper
loop_00055 0.674 311 185 371 187 366 306 306 304 ShortSide_forGripper
