strip_00145 0.277 145 243 192 240 196 310 149 313 ShortSide_forGripper
strip_00145 0.334 441 191 490 183 504 266 455 274 ShortSide_forGripper
strip_00145 0.341 291 205 345 193 370 300 316 312 ShortSide_forGripper
strip_00145 0.396 264 214 319 201 343 305 288 318 ShortSide_forGripper
strip_00145 0.423 240 220 297 211 313 313 256 322 ShortSide_forGripper
strip_00145 0.426 485 181 536 172 550 252 499 261 ShortSide_forGripper
strip_00145 0.442 165 226 211 226 211 324 165 324 ShortSide_forGripper
strip_00145 0.454 208 226 260 223 267 325 215 328 ShortSide_forGripper
strip_00145 0.514 178 222 232 217 241 327 187 332 ShortSide_forGripper
strip_00145 0.621 460 181 507 170 529 264 482 275 ShortSide_forGripper
