strip_00039 0.330 139 294 186 256 232 313 185 351 ShortSide_forGripper
strip_00039 0.337 79 358 106 332 140 369 113 395 ShortSide_forGripper
strip_00039 0.346 296 195 335 163 379 216 340 248 ShortSide_forGripper
strip_00039 0.359 165 274 212 235 264 299 217 338 ShortSide_forGripper
strip_00039 0.412 96 344 128 317 161 357 129 384 ShortSide_forGripper
strip_00039 0.447 236 228 283 199 321 259 274 288 ShortSide_forGripper
strip_00039 0.471 206 249 249 217 293 278 250 310 ShortSide_forGripper
strip_00039 0.563 126 316 162 285 201 331 165 362 ShortSide_forGripper
strip_00039 0.563 271 206 312 171 360 229 319 264 ShortSide_forGripper
strip_00039 0.663 113 330 146 302 180 343 147 371 ShortSide_forGripper
strip_00039 0.671 342 158 380 126 425 179 387 211 ShortSide_forGripper
strip_00039 0.684 318 175 360 140 405 194 363 229 ShortSide_forGripper
strip_00039 0.691 401 123 431 97 468 142 438 168 ShortSide_forGripper
strip_00039 0.719 367 136 403 109 444 165 408 192 ShortSide_forGripper
