strip_00085 0.284 131 343 152 306 210 338 189 375 ShortSide_forGripper
strip_00085 0.322 280 141 296 105 369 138 353 174 ShortSide_forGripper
strip_00085 0.357 159 301 182 263 234 296 211 334 ShortSide_forGripper
strip_00085 0.396 174 264 209 230 261 283 226 317 ShortSide_forGripper
strip_00085 0.412 140 324 165 283 223 319 198 360 ShortSide_forGripper
strip_00085 0.423 200 251 236 212 301 272 265 311 ShortSide_forGripper
strip_00085 0.445 305 113 319 72 382 94 368 135 ShortSide_forGripper
strip_00085 0.465 252 202 272 164 335 197 315 235 ShortSide_forGripper
strip_00085 0.499 290 130 311 83 375 111 354 158 ShortSide_forGripper
strip_00085 0.514 234 230 264 183 327 223 297 270 ShortSide_forGripper
strip_00085 0.596 265 174 289 125 358 157 334 206 ShortSide_forGripper
