strip_00114 0.294 545 174 579 174 579 265 545 265 ShortSide_forGripper
strip_00114 0.349 261 160 312 163 304 273 253 270 ShortSide_forGripper
strip_00114 0.406 458 172 511 170 515 257 462 259 ShortSide_forGripper
strip_00114 0.440 286 164 335 162 339 273 290 275 ShortSide_forGripper
strip_00114 0.448 425 166 479 165 482 261 428 262 ShortSide_forGripper
strip_00114 0.465 496 172 547 173 545 257 494 256 ShortSide_forGripper
strip_00114 0.491 141 152 213 154 210 275 138 273 ShortSide_forGripper
strip_00114 0.514 169 157 240 154 244 272 173 275 ShortSide_forGripper
strip_00114 0.520 316 162 365 160 369 269 320 271 ShortSide_forGripper
strip_00114 0.533 207 152 281 154 278 271 204 269 ShortSide_forGripper
strip_00114 0.545 381 165 432 163 436 262 385 264 ShortSide_forGripper
strip_00114 0.578 535 177 565 177 564 258 534 258 ShortSide_forGripper
strip_00114 0.596 348 163 398 161 401 266 351 268 ShortSide_forGripper
strip_00114 0.598 113 152 182 161 168 271 99 262 ShortSide_forGripper
