strip_00125 0.286 164 118 207 129 179 233 136 222 ShortSide_forGripper
strip_00125 0.377 468 240 506 253 477 343 439 330 ShortSide_forGripper
strip_00125 0.387 521 253 564 267 532 366 489 352 ShortSide_forGripper
strip_00125 0.439 225 137 277 154 244 258 192 241 ShortSide_forGripper
strip_00125 0.495 259 151 309 168 276 270 226 253 ShortSide_forGripper
strip_00125 0.504 192 120 260 143 221 257 153 234 ShortSide_forGripper
strip_00125 0.530 352 193 401 209 369 306 320 290 ShortSide_forGripper
strip_00125 0.583 320 183 368 197 341 292 293 278 ShortSide_forGripper
strip_00125 0.612 386 204 434 220 403 315 355 299 ShortSide_forGripper
strip_00125 0.621 291 172 340 188 310 281 261 265 ShortSide_forGripper
strip_00125 0.656 127 105 197 125 166 230 96 210 ShortSide_forGripper
strip_00125 0.662 484 246 549 267 519 361 454 340 ShortSide_forGripper
strip_00125 0.668 448 229 494 245 461 340 415 324 ShortSide_forGripper
strip_00125 0.739 419 216 465 231 434 327 388 312 ShortSide_forGripper
