strip_00042 0.270 229 193 270 231 222 282 181 244 ShortSide_forGripper
strip_00042 0.366 267 233 305 265 262 316 224 284 ShortSide_forGripper
strip_00042 0.420 255 213 286 239 234 298 203 272 ShortSide_forGripper
strip_00042 0.428 432 372 454 390 425 425 403 407 ShortSide_forGripper
strip_00042 0.457 214 180 246 208 193 269 161 241 ShortSide_forGripper
strip_00042 0.473 417 348 447 376 402 425 372 397 ShortSide_forGripper
strip_00042 0.550 309 260 337 284 286 343 258 319 ShortSide_forGripper
strip_00042 0.588 186 154 216 180 163 241 133 215 ShortSide_forGripper
strip_00042 0.593 344 279 377 307 319 374 286 346 ShortSide_forGripper
strip_00042 0.618 384 306 418 336 357 405 323 375 ShortSide_forGripper
strip_00042 0.634 130 122 152 143 117 181 95 160 ShortSide_forGripper
strip_00042 0.641 142 128 174 154 133 203 101 177 ShortSide_forGripper
