strip_00111 0.250 137 405 155 371 212 402 194 436 ShortSide_forGripper
strip_00111 0.270 167 335 179 301 230 320 218 354 ShortSide_forGripper
strip_00111 0.314 143 367 166 316 224 342 201 393 ShortSide_forGripper
strip_00111 0.321 168 314 180 282 243 305 231 337 ShortSide_forGripper
strip_00111 0.351 167 284 186 225 274 253 255 312 ShortSide_forGripper
strip_00111 0.364 178 255 198 194 285 222 265 283 ShortSide_forGripper
strip_00111 0.377 163 346 177 318 224 341 210 369 ShortSide_forGripper
strip_00111 0.407 132 397 159 340 219 368 192 425 ShortSide_forGripper
strip_00111 0.431 251 111 261 74 328 92 318 129 ShortSide_forGripper
strip_00111 0.433 165 304 182 254 260 281 243 331 ShortSide_forGripper
strip_00111 0.460 121 446 139 406 184 427 166 467 ShortSide_forGripper
strip_00111 0.529 188 230 208 169 295 197 275 258 ShortSide_forGripper
strip_00111 0.541 127 424 143 390 202 419 186 453 ShortSide_forGripper
strip_00111 0.593 215 134 226 85 330 109 319 158 ShortSide_forGripper
strip_00111 0.724 205 163 226 104 324 138 303 197 ShortSide_forGripper
strip_00111 0.737 196 190 216 134 311 167 291 223 ShortSide_forGripper
