strip_00080 0.259 362 58 363 89 291 91 290 60 ShortSide_forGripper
strip_00080 0.280 259 399 295 402 288 502 252 499 ShortSide_forGripper
strip_00080 0.316 376 411 380 449 275 460 271 422 ShortSide_forGripper
strip_00080 0.356 215 291 219 206 364 214 360 299 ShortSide_forGripper
strip_00080 0.374 229 101 229 72 287 72 287 101 ShortSide_forGripper
strip_00080 0.378 205 351 208 296 360 304 357 359 ShortSide_forGripper
strip_00080 0.380 372 366 379 425 215 445 208 386 ShortSide_forGripper
strip_00080 0.421 261 109 263 58 370 62 368 113 ShortSide_forGripper
strip_00080 0.473 389 404 394 461 210 477 205 420 ShortSide_forGripper
strip_00080 0.485 204 136 210 53 383 65 377 148 ShortSide_forGripper
strip_00080 0.485 218 230 222 146 367 153 363 237 ShortSide_forGripper
strip_00080 0.507 208 331 212 245 357 252 353 338 ShortSide_forGripper
strip_00080 0.587 356 327 362 405 207 416 201 338 ShortSide_forGripper
strip_00080 0.634 209 154 216 96 374 115 367 173 ShortSide_forGripper
