strip_00133 0.275 274 188 344 198 323 347 253 337 ShortSide_forGripper
strip_00133 0.286 526 212 579 225 537 391 484 378 ShortSide_forGripper
strip_00133 0.299 305 200 372 209 352 353 285 344 ShortSide_forGripper
strip_00133 0.366 339 199 410 209 388 364 317 354 ShortSide_forGripper
strip_00133 0.398 213 176 284 184 268 335 197 327 ShortSide_forGripper
strip_00133 0.422 373 200 444 210 422 367 351 357 ShortSide_forGripper
strip_00133 0.464 146 170 217 178 201 329 130 321 ShortSide_forGripper
strip_00133 0.476 180 174 251 181 235 331 164 324 ShortSide_forGripper
strip_00133 0.498 441 207 510 217 488 372 419 362 ShortSide_forGripper
strip_00133 0.499 408 201 479 211 457 366 386 356 ShortSide_forGripper
strip_00133 0.573 471 219 544 226 528 376 455 369 ShortSide_forGripper
