strip_00119 0.306 205 203 274 203 274 299 205 299 ShortSide_forGripper
strip_00119 0.356 262 188 336 184 341 291 267 295 ShortSide_forGripper
strip_00119 0.391 421 173 495 172 498 290 424 291 ShortSide_forGripper
strip_00119 0.409 395 169 468 178 454 296 381 287 ShortSide_forGripper
strip_00119 0.428 456 173 528 171 533 288 461 290 ShortSide_forGripper
strip_00119 0.438 293 182 368 178 374 287 299 291 ShortSide_forGripper
strip_00119 0.456 187 195 237 193 240 304 190 306 ShortSide_forGripper
strip_00119 0.512 131 208 176 207 180 295 135 296 ShortSide_forGripper
strip_00119 0.543 518 166 591 175 577 289 504 280 ShortSide_forGripper
strip_00119 0.559 329 176 403 174 408 295 334 297 ShortSide_forGripper
strip_00119 0.604 157 203 205 202 208 302 160 303 ShortSide_forGripper
