strip_00010 0.252 440 269 502 284 481 366 419 351 LongSide_forGripper
strip_00010 0.252 348 227 392 249 353 328 309 306 ShortSide_forGripper
strip_00010 0.265 223 161 267 181 234 256 190 236 ShortSide_forGripper
strip_00010 0.277 474 287 515 295 503 362 462 354 ShortSide_forGripper
strip_00010 0.290 459 281 497 291 480 356 442 346 ShortSide_forGripper
strip_00010 0.299 194 144 239 163 205 243 160 224 ShortSide_forGripper
strip_00010 0.341 428 263 476 278 451 360 403 345 ShortSide_forGripper
strip_00010 0.385 177 131 219 151 180 234 138 214 ShortSide_forGripper
strip_00010 0.419 369 233 412 252 374 342 331 323 ShortSide_forGripper
strip_00010 0.419 392 245 456 271 421 358 357 332 ShortSide_forGripper
strip_00010 0.423 140 113 198 139 161 222 103 196 ShortSide_forGripper
