strip_00071 0.259 115 271 115 245 184 248 184 274 ShortSide_forGripper
strip_00071 0.264 157 166 235 164 238 347 160 349 ShortSide_forGripper
strip_00071 0.264 116 300 117 270 183 271 182 301 ShortSide_forGripper
strip_00071 0.269 292 175 373 173 379 326 298 328 ShortSide_forGripper
strip_00071 0.280 532 218 563 219 561 285 530 284 ShortSide_forGripper
strip_00071 0.326 576 208 577 261 455 265 454 212 ShortSide_forGripper
strip_00071 0.327 447 157 501 148 528 302 474 311 ShortSide_forGripper
strip_00071 0.382 328 168 407 167 409 331 330 332 ShortSide_forGripper
strip_00071 0.383 490 212 523 209 531 295 498 298 ShortSide_forGripper
strip_00071 0.384 135 263 163 265 160 322 132 320 ShortSide_forGripper
strip_00071 0.397 401 171 475 157 506 318 432 332 ShortSide_forGripper
strip_00071 0.409 513 217 544 215 548 284 517 286 ShortSide_forGripper
strip_00071 0.412 480 146 531 137 555 287 504 296 ShortSide_forGripper
strip_00071 0.429 117 171 194 175 186 326 109 322 ShortSide_forGripper
strip_00071 0.431 487 159 514 155 526 232 499 236 ShortSide_forGripper
strip_00071 0.472 473 269 473 234 563 234 563 269 ShortSide_forGripper
strip_00071 0.484 360 167 436 163 445 332 369 336 ShortSide_forGripper
strip_00071 0.533 122 179 169 180 165 276 118 275 ShortSide_forGripper
