strip_00037 0.390 286 181 317 208 265 268 234 241 ShortSide_forGripper
strip_00037 0.474 161 72 186 92 142 147 117 127 ShortSide_forGripper
strip_00037 0.481 352 241 385 270 331 332 298 303 ShortSide_forGripper
strip_00037 0.490 382 274 415 307 367 353 334 320 ShortSide_forGripper
strip_00037 0.492 253 159 287 195 240 240 206 204 ShortSide_forGripper
strip_00037 0.531 234 138 261 162 211 219 184 195 ShortSide_forGripper
strip_00037 0.559 321 220 355 256 308 301 274 265 ShortSide_forGripper
strip_00037 0.614 212 121 245 155 197 202 164 168 ShortSide_forGripper
strip_00037 0.624 420 307 446 334 401 378 375 351 ShortSide_forGripper
strip_00037 0.751 182 96 209 125 163 169 136 140 ShortSide_forGripper
