strip_00054 0.270 314 259 337 291 287 326 264 294 ShortSide_forGripper
strip_00054 0.278 256 142 276 177 207 217 187 182 ShortSide_forGripper
strip_00054 0.347 305 239 325 274 266 308 246 273 ShortSide_forGripper
strip_00054 0.360 355 323 377 357 324 392 302 358 ShortSide_forGripper
strip_00054 0.453 272 163 293 199 221 240 200 204 ShortSide_forGripper
strip_00054 0.514 296 213 317 253 251 288 230 248 ShortSide_forGripper
strip_00054 0.532 324 275 350 311 301 346 275 310 ShortSide_forGripper
strip_00054 0.539 216 73 233 105 175 136 158 104 ShortSide_forGripper
strip_00054 0.617 337 293 361 328 310 364 286 329 ShortSide_forGripper
strip_00054 0.635 281 188 303 226 232 267 210 229 ShortSide_forGripper
