strip_00157 0.259 442 200 485 195 493 273 450 278 ShortSide_forGripper
strip_00157 0.311 360 214 411 205 423 273 372 282 ShortSide_forGripper
strip_00157 0.315 53 224 89 221 94 287 58 290 ShortSide_forGripper
strip_00157 0.319 329 212 382 206 390 277 337 283 ShortSide_forGripper
strip_00157 0.366 309 201 351 198 358 286 316 289 ShortSide_forGripper
strip_00157 0.451 480 203 524 198 531 272 487 277 ShortSide_forGripper
strip_00157 0.491 146 220 185 216 191 279 152 283 ShortSide_forGripper
strip_00157 0.496 59 222 103 214 118 297 74 305 ShortSide_forGripper
strip_00157 0.509 531 207 566 203 572 260 537 264 ShortSide_forGripper
strip_00157 0.510 123 209 169 204 178 294 132 299 ShortSide_forGripper
strip_00157 0.521 281 214 330 209 338 279 289 284 ShortSide_forGripper
strip_00157 0.528 511 204 553 200 560 269 518 273 ShortSide_forGripper
strip_00157 0.529 157 206 202 203 208 291 163 294 ShortSide_forGripper
strip_00157 0.541 81 214 125 209 136 301 92 306 ShortSide_forGripper
strip_00157 0.544 211 202 260 198 266 293 217 297 ShortSide_forGripper
strip_00157 0.546 178 204 228 199 237 293 187 298 ShortSide_forGripper
strip_00157 0.559 250 217 299 210 309 280 260 287 ShortSide_forGripper
