strip_00161 0.294 219 187 259 200 242 252 202 239 ShortSide_forGripper
strip_00161 0.309 274 196 308 208 287 267 253 255 ShortSide_forGripper
strip_00161 0.318 90 136 127 149 107 207 70 194 ShortSide_forGripper
strip_00161 0.337 340 207 377 218 353 296 316 285 ShortSide_forGripper
strip_00161 0.343 414 234 454 248 429 317 389 303 ShortSide_forGripper
strip_00161 0.356 367 212 406 224 382 303 343 291 ShortSide_forGripper
strip_00161 0.366 254 196 292 210 273 265 235 251 ShortSide_forGripper
strip_00161 0.379 397 222 436 234 412 313 373 301 ShortSide_forGripper
strip_00161 0.391 145 147 178 159 152 232 119 220 ShortSide_forGripper
strip_00161 0.393 302 211 340 224 321 280 283 267 ShortSide_forGripper
strip_00161 0.401 240 191 278 205 257 260 219 246 ShortSide_forGripper
strip_00161 0.439 184 163 216 177 189 240 157 226 ShortSide_forGripper
strip_00161 0.446 116 138 150 150 123 225 89 213 ShortSide_forGripper
strip_00161 0.449 158 163 200 177 179 236 137 222 ShortSide_forGripper
strip_00161 0.484 204 174 247 190 223 253 180 237 ShortSide_forGripper
strip_00161 0.494 76 134 109 146 91 197 58 185 ShortSide_forGripper
strip_00161 0.511 437 229 477 244 444 334 404 319 ShortSide_forGripper
strip_00161 0.520 464 238 505 253 473 341 432 326 ShortSide_forGripper
strip_00161 0.558 54 130 86 141 67 197 35 186 ShortSide_forGripper
strip_00161 0.565 483 253 520 266 494 342 457 329 ShortSide_forGripper
