strip_00104 0.254 142 235 190 241 179 328 131 322 ShortSide_forGripper
strip_00104 0.267 394 256 428 257 427 319 393 318 ShortSide_forGripper
strip_00104 0.267 525 259 568 264 558 342 515 337 ShortSide_forGripper
strip_00104 0.341 244 239 287 246 271 336 228 329 ShortSide_forGripper
strip_00104 0.414 505 250 551 256 540 343 494 337 ShortSide_forGripper
strip_00104 0.445 223 236 267 243 252 337 208 330 ShortSide_forGripper
strip_00104 0.448 451 248 490 250 486 335 447 333 ShortSide_forGripper
strip_00104 0.466 424 265 461 267 457 326 420 324 ShortSide_forGripper
strip_00104 0.495 410 247 448 249 443 334 405 332 ShortSide_forGripper
strip_00104 0.496 165 233 219 240 208 330 154 323 ShortSide_forGripper
strip_00104 0.497 194 229 240 238 221 336 175 327 ShortSide_forGripper
strip_00104 0.523 483 261 526 264 522 332 479 329 ShortSide_forGripper
strip_00104 0.603 378 256 415 257 413 327 376 326 ShortSide_forGripper
