strip_00101 0.382 233 296 263 253 326 295 296 338 ShortSide_forGripper
strip_00101 0.392 169 387 189 365 218 392 198 414 ShortSide_forGripper
strip_00101 0.498 209 329 238 289 288 326 259 366 ShortSide_forGripper
strip_00101 0.514 271 256 297 217 356 257 330 296 ShortSide_forGripper
strip_00101 0.536 191 354 220 317 264 353 235 390 ShortSide_forGripper
strip_00101 0.554 287 234 312 194 376 233 351 273 ShortSide_forGripper
strip_00101 0.625 171 374 200 345 238 383 209 412 ShortSide_forGripper
strip_00101 0.662 303 209 333 168 402 216 372 257 ShortSide_forGripper
strip_00101 0.698 365 154 387 127 428 161 406 188 ShortSide_forGripper
strip_00101 0.758 335 177 361 145 414 188 388 220 ShortSide_forGripper
