strip_00106 0.255 139 451 155 421 212 452 196 482 ShortSide_forGripper
strip_00106 0.295 227 157 245 113 294 132 276 176 ShortSide_forGripper
strip_00106 0.403 200 219 213 173 279 190 266 236 ShortSide_forGripper
strip_00106 0.408 243 122 255 89 304 107 292 140 ShortSide_forGripper
strip_00106 0.410 187 268 193 222 268 233 262 279 ShortSide_forGripper
strip_00106 0.512 248 109 261 74 305 90 292 125 ShortSide_forGripper
strip_00106 0.519 195 245 207 194 276 210 264 261 ShortSide_forGripper
strip_00106 0.538 131 443 146 399 230 428 215 472 ShortSide_forGripper
strip_00106 0.628 164 308 180 251 267 275 251 332 ShortSide_forGripper
strip_00106 0.659 130 429 150 368 237 396 217 457 ShortSide_forGripper
strip_00106 0.683 186 277 192 244 263 258 257 291 ShortSide_forGripper
strip_00106 0.696 155 341 172 280 264 304 247 365 ShortSide_forGripper
strip_00106 0.711 148 364 164 315 251 345 235 394 ShortSide_forGripper
strip_00106 0.739 140 401 159 342 243 370 224 429 ShortSide_forGripper
