strip_00090 0.326 287 167 321 138 372 200 338 229 ShortSide_forGripper
strip_00090 0.348 316 158 348 126 399 177 367 209 ShortSide_forGripper
strip_00090 0.361 254 213 277 176 325 206 302 243 ShortSide_forGripper
strip_00090 0.408 266 186 297 152 349 199 318 233 ShortSide_forGripper
strip_00090 0.432 365 116 383 88 434 119 416 147 ShortSide_forGripper
strip_00090 0.474 158 346 183 306 235 339 210 379 ShortSide_forGripper
strip_00090 0.511 154 357 177 328 221 364 198 393 ShortSide_forGripper
strip_00090 0.538 176 322 202 281 257 315 231 356 ShortSide_forGripper
strip_00090 0.539 344 150 368 116 417 151 393 185 ShortSide_forGripper
strip_00090 0.563 238 229 259 195 317 232 296 266 ShortSide_forGripper
strip_00090 0.606 195 281 217 246 282 286 260 321 ShortSide_forGripper
strip_00090 0.614 359 134 376 103 426 131 409 162 ShortSide_forGripper
strip_00090 0.620 212 265 236 227 293 264 269 302 ShortSide_forGripper
strip_00090 0.635 226 246 245 215 301 249 282 280 ShortSide_forGripper
