strip_00058 0.263 246 167 261 201 207 226 192 192 ShortSide_forGripper
strip_00058 0.370 216 86 235 122 169 157 150 121 ShortSide_forGripper
strip_00058 0.372 330 358 345 383 303 407 288 382 ShortSide_forGripper
strip_00058 0.414 206 72 221 106 161 133 146 99 ShortSide_forGripper
strip_00058 0.426 258 189 277 231 217 258 198 216 ShortSide_forGripper
strip_00058 0.478 239 142 246 172 184 187 177 157 ShortSide_forGripper
strip_00058 0.487 290 248 308 292 241 319 223 275 ShortSide_forGripper
strip_00058 0.514 330 342 345 372 293 397 278 367 ShortSide_forGripper
strip_00058 0.532 277 231 293 273 234 296 218 254 ShortSide_forGripper
strip_00058 0.576 227 120 241 154 182 179 168 145 ShortSide_forGripper
strip_00058 0.585 246 158 253 184 195 199 188 173 ShortSide_forGripper
strip_00058 0.612 321 296 334 339 262 361 249 318 ShortSide_forGripper
strip_00058 0.654 335 335 343 363 284 378 276 350 ShortSide_forGripper
