strip_00147 0.341 272 204 284 150 355 167 343 221 ShortSide_forGripper
strip_00147 0.347 235 433 247 396 304 414 292 451 ShortSide_forGripper
strip_00147 0.424 281 82 291 45 366 65 356 102 ShortSide_forGripper
strip_00147 0.462 274 169 286 119 359 136 347 186 ShortSide_forGripper
strip_00147 0.512 235 419 244 375 322 392 313 436 ShortSide_forGripper
strip_00147 0.546 277 117 289 71 358 88 346 134 ShortSide_forGripper
strip_00147 0.607 274 142 284 92 361 107 351 157 ShortSide_forGripper
strip_00147 0.664 248 302 263 244 357 267 342 325 ShortSide_forGripper
strip_00147 0.667 261 251 270 201 358 216 349 266 ShortSide_forGripper
strip_00147 0.683 266 271 272 225 353 236 347 282 ShortSide_forGripper
strip_00147 0.693 244 328 260 273 351 299 335 354 ShortSide_forGripper
strip_00147 0.699 226 399 242 343 329 368 313 424 ShortSide_forGripper
strip_00147 0.756 236 371 250 319 335 342 321 394 ShortSide_forGripper
