strip_00154 0.258 296 156 319 206 261 233 238 183 ShortSide_forGripper
strip_00154 0.269 258 229 319 195 359 266 298 300 LongSide_forGripper
strip_00154 0.276 306 172 339 230 275 265 242 207 LongSide_forGripper
strip_00154 0.280 396 319 431 384 359 422 324 357 LongSide_forGripper
strip_00154 0.295 304 307 365 279 399 352 338 380 LongSide_forGripper
strip_00154 0.319 279 257 340 230 372 302 311 329 LongSide_forGripper
strip_00154 0.344 333 206 359 258 288 293 262 241 ShortSide_forGripper
strip_00154 0.352 366 269 390 319 321 352 297 302 ShortSide_forGripper
strip_00154 0.369 400 331 424 381 353 416 329 366 ShortSide_forGripper
strip_00154 0.384 347 237 372 288 304 322 279 271 ShortSide_forGripper
strip_00154 0.391 383 302 407 352 338 385 314 335 ShortSide_forGripper
strip_00154 0.395 312 177 336 227 267 260 243 210 ShortSide_forGripper
