strip_00162 0.268 119 191 156 201 144 248 107 238 ShortSide_forGripper
strip_00162 0.318 411 258 450 270 428 343 389 331 ShortSide_forGripper
strip_00162 0.321 179 202 223 209 210 283 166 276 ShortSide_forGripper
strip_00162 0.332 317 246 359 258 344 313 302 301 ShortSide_forGripper
strip_00162 0.332 513 298 547 312 524 371 490 357 ShortSide_forGripper
strip_00162 0.338 283 232 325 244 308 305 266 293 ShortSide_forGripper
strip_00162 0.388 63 172 96 184 78 237 45 225 ShortSide_forGripper
strip_00162 0.404 430 273 464 285 443 344 409 332 ShortSide_forGripper
strip_00162 0.418 387 250 427 260 408 339 368 329 ShortSide_forGripper
strip_00162 0.433 304 232 341 242 321 315 284 305 ShortSide_forGripper
strip_00162 0.444 364 242 403 251 383 335 344 326 ShortSide_forGripper
strip_00162 0.445 464 267 506 282 473 374 431 359 ShortSide_forGripper
strip_00162 0.448 336 236 373 246 351 327 314 317 ShortSide_forGripper
strip_00162 0.450 83 173 121 186 100 246 62 233 ShortSide_forGripper
strip_00162 0.456 265 219 300 227 282 306 247 298 ShortSide_forGripper
strip_00162 0.464 234 209 271 219 249 300 212 290 ShortSide_forGripper
strip_00162 0.469 113 174 150 185 126 263 89 252 ShortSide_forGripper
strip_00162 0.501 139 183 174 193 154 270 119 260 ShortSide_forGripper
strip_00162 0.523 493 276 535 284 516 381 474 373 ShortSide_forGripper
strip_00162 0.539 165 191 201 199 182 278 146 270 ShortSide_forGripper
strip_00162 0.549 206 203 244 213 223 292 185 282 ShortSide_forGripper
