strip_00003 0.251 285 76 326 135 258 181 217 122 LongSide_forGripper
strip_00003 0.256 407 326 431 397 350 423 326 352 LongSide_forGripper
strip_00003 0.260 315 109 350 177 276 214 241 146 LongSide_forGripper
strip_00003 0.267 320 326 385 299 415 373 350 400 LongSide_forGripper
strip_00003 0.283 304 291 367 266 395 336 332 361 LongSide_forGripper
strip_00003 0.284 415 341 439 415 356 442 332 368 ShortSide_forGripper
strip_00003 0.317 307 103 334 152 264 192 237 143 ShortSide_forGripper
strip_00003 0.351 252 45 279 81 231 116 204 80 ShortSide_forGripper
strip_00003 0.365 265 66 290 100 242 135 217 101 ShortSide_forGripper
strip_00003 0.404 279 77 309 117 252 160 222 120 ShortSide_forGripper
strip_00003 0.474 430 367 454 437 365 468 341 398 ShortSide_forGripper
