strip_00089 0.268 301 159 348 156 354 234 307 237 ShortSide_forGripper
strip_00089 0.268 342 176 386 156 413 217 369 237 ShortSide_forGripper
strip_00089 0.281 262 167 314 158 327 236 275 245 ShortSide_forGripper
strip_00089 0.476 238 180 275 162 309 231 272 249 ShortSide_forGripper
strip_00089 0.535 131 228 175 203 216 275 172 300 ShortSide_forGripper
strip_00089 0.540 387 161 414 134 454 176 427 203 ShortSide_forGripper
strip_00089 0.540 115 244 152 221 190 281 153 304 ShortSide_forGripper
strip_00089 0.596 176 207 218 183 257 250 215 274 ShortSide_forGripper
strip_00089 0.615 211 202 248 177 286 233 249 258 ShortSide_forGripper
strip_00089 0.705 360 171 398 146 435 200 397 225 ShortSide_forGripper
strip_00089 0.736 85 272 116 242 164 293 133 323 ShortSide_forGripper
