strip_00108 0.404 351 261 391 277 364 346 324 330 ShortSide_forGripper
strip_00108 0.405 93 145 138 163 112 226 67 208 ShortSide_forGripper
strip_00108 0.423 417 287 456 308 420 376 381 355 ShortSide_forGripper
strip_00108 0.467 118 156 160 176 129 239 87 219 ShortSide_forGripper
strip_00108 0.545 395 265 436 282 398 370 357 353 ShortSide_forGripper
strip_00108 0.561 141 147 180 164 144 250 105 233 ShortSide_forGripper
strip_00108 0.568 177 163 215 180 176 268 138 251 ShortSide_forGripper
strip_00108 0.573 238 207 276 223 239 312 201 296 ShortSide_forGripper
strip_00108 0.578 374 253 414 270 373 366 333 349 ShortSide_forGripper
strip_00108 0.602 299 230 343 246 308 341 264 325 ShortSide_forGripper
strip_00108 0.611 273 226 317 242 284 333 240 317 ShortSide_forGripper
strip_00108 0.648 334 240 374 257 335 349 295 332 ShortSide_forGripper
strip_00108 0.676 206 183 241 202 197 286 162 267 ShortSide_forGripper
