strip_00098 0.272 189 135 205 158 176 178 160 155 ShortSide_forGripper
strip_00098 0.366 210 143 229 171 175 208 156 180 ShortSide_forGripper
strip_00098 0.367 276 257 302 295 237 338 211 300 ShortSide_forGripper
strip_00098 0.391 293 283 320 323 250 370 223 330 ShortSide_forGripper
strip_00098 0.392 249 214 267 245 206 279 188 248 ShortSide_forGripper
strip_00098 0.411 303 306 330 345 258 393 231 354 ShortSide_forGripper
strip_00098 0.466 228 183 251 217 195 256 172 222 ShortSide_forGripper
strip_00098 0.531 220 160 244 197 189 233 165 196 ShortSide_forGripper
strip_00098 0.533 334 359 357 392 295 434 272 401 ShortSide_forGripper
strip_00098 0.547 330 335 355 376 287 418 262 377 ShortSide_forGripper
strip_00098 0.599 356 382 383 420 319 465 292 427 ShortSide_forGripper
