strip_00082 0.251 399 277 402 246 484 254 481 285 ShortSide_forGripper
strip_00082 0.257 436 272 470 280 451 363 417 355 ShortSide_forGripper
strip_00082 0.261 101 137 132 149 104 226 73 214 ShortSide_forGripper
strip_00082 0.267 424 220 455 222 449 299 418 297 ShortSide_forGripper
strip_00082 0.270 166 138 220 152 177 315 123 301 ShortSide_forGripper
strip_00082 0.330 218 159 289 176 249 334 178 317 ShortSide_forGripper
strip_00082 0.335 370 208 442 217 425 359 353 350 ShortSide_forGripper
strip_00082 0.336 381 322 394 272 502 299 489 349 ShortSide_forGripper
strip_00082 0.345 460 282 490 289 473 361 443 354 ShortSide_forGripper
strip_00082 0.352 331 186 403 204 360 375 288 357 ShortSide_forGripper
strip_00082 0.375 422 218 479 226 459 369 402 361 ShortSide_forGripper
strip_00082 0.392 184 144 258 163 217 327 143 308 ShortSide_forGripper
strip_00082 0.435 295 182 367 202 324 355 252 335 ShortSide_forGripper
strip_00082 0.449 446 215 474 222 455 304 427 297 ShortSide_forGripper
strip_00082 0.467 261 167 333 191 282 346 210 322 ShortSide_forGripper
strip_00082 0.498 108 121 178 142 129 304 59 283 ShortSide_forGripper
