strip_00109 0.256 55 228 97 231 94 297 52 294 ShortSide_forGripper
strip_00109 0.396 441 246 486 255 468 343 423 334 ShortSide_forGripper
strip_00109 0.404 78 227 130 227 130 302 78 302 ShortSide_forGripper
strip_00109 0.433 265 251 306 255 298 330 257 326 ShortSide_forGripper
strip_00109 0.445 292 249 338 250 335 336 289 335 ShortSide_forGripper
strip_00109 0.504 211 242 244 246 236 319 203 315 ShortSide_forGripper
strip_00109 0.523 319 237 363 242 352 340 308 335 ShortSide_forGripper
strip_00109 0.571 129 223 178 226 174 304 125 301 ShortSide_forGripper
strip_00109 0.620 353 233 397 238 386 340 342 335 ShortSide_forGripper
strip_00109 0.620 411 232 459 240 442 347 394 339 ShortSide_forGripper
strip_00109 0.680 164 222 210 227 199 319 153 314 ShortSide_forGripper
strip_00109 0.713 386 230 432 237 415 345 369 338 ShortSide_forGripper
strip_00109 0.788 187 221 235 226 224 326 176 321 ShortSide_forGripper
