square_00028 0.269 327 289 359 326 278 394 246 357 ShortSide_forGripper
square_00028 0.272 348 318 390 286 435 345 393 377 ShortSide_forGripper
square_00028 0.283 317 329 364 292 418 358 371 395 ShortSide_forGripper
square_00028 0.290 219 85 251 62 282 104 250 127 ShortSide_forGripper
square_00028 0.294 299 247 328 282 250 348 221 313 ShortSide_forGripper
square_00028 0.302 133 156 162 131 192 167 163 192 ShortSide_forGripper
square_00028 0.337 319 249 352 280 288 350 255 319 ShortSide_forGripper
square_00028 0.354 386 134 424 172 365 229 327 191 ShortSide_forGripper
square_00028 0.381 358 102 381 136 317 179 294 145 ShortSide_forGripper
square_00028 0.387 351 270 385 306 320 369 286 333 ShortSide_forGripper
square_00028 0.454 198 101 228 72 269 114 239 143 ShortSide_forGripper
square_00028 0.459 409 287 441 252 490 296 458 331 ShortSide_forGripper
square_00028 0.467 146 141 174 113 215 154 187 182 ShortSide_forGripper
square_00028 0.471 289 275 317 308 248 366 220 333 ShortSide_forGripper
square_00028 0.537 380 300 421 266 469 323 428 357 ShortSide_forGripper
square_00028 0.582 375 124 398 152 336 205 313 177 ShortSide_forGripper
square_00028 0.597 161 125 194 95 236 142 203 172 ShortSide_forGripper
square_00028 0.640 345 83 367 117 308 156 286 122 ShortSide_forGripper
