square_00004 0.272 363 136 383 180 192 269 172 225 ShortSide_forGripper
square_00004 0.278 294 150 309 178 221 223 206 195 ShortSide_forGripper
square_00004 0.298 220 142 250 128 295 221 265 235 ShortSide_forGripper
square_00004 0.302 203 171 247 147 332 300 288 324 ShortSide_forGripper
square_00004 0.306 248 122 293 97 345 191 300 216 ShortSide_forGripper
square_00004 0.308 303 164 347 140 398 237 354 261 ShortSide_forGripper
square_00004 0.309 331 113 350 154 196 226 177 185 ShortSide_forGripper
square_00004 0.347 343 122 360 150 270 203 253 175 ShortSide_forGripper
square_00004 0.350 260 137 314 108 395 260 341 289 ShortSide_forGripper
square_00004 0.374 392 185 430 251 261 348 223 282 ShortSide_forGripper
square_00004 0.479 340 71 387 163 201 258 154 166 ShortSide_forGripper
square_00004 0.567 184 145 279 94 387 298 292 349 ShortSide_forGripper
square_00004 0.617 364 113 422 205 235 322 177 230 ShortSide_forGripper
