square_00027 0.264 197 171 210 216 126 240 113 195 ShortSide_forGripper
square_00027 0.273 282 355 286 379 237 388 233 364 ShortSide_forGripper
square_00027 0.287 285 354 341 326 382 409 326 437 ShortSide_forGripper
square_00027 0.296 356 340 402 318 435 385 389 407 ShortSide_forGripper
square_00027 0.301 384 332 428 310 459 375 415 397 ShortSide_forGripper
square_00027 0.313 292 350 296 388 211 397 207 359 ShortSide_forGripper
square_00027 0.340 318 343 369 318 409 400 358 425 ShortSide_forGripper
square_00027 0.350 211 212 223 254 154 275 142 233 ShortSide_forGripper
square_00027 0.359 260 264 274 305 193 331 179 290 ShortSide_forGripper
square_00027 0.368 408 183 430 222 357 264 335 225 ShortSide_forGripper
square_00027 0.396 248 85 302 63 337 150 283 172 ShortSide_forGripper
square_00027 0.418 286 309 297 361 201 382 190 330 ShortSide_forGripper
square_00027 0.430 390 151 402 189 331 210 319 172 ShortSide_forGripper
square_00027 0.446 203 195 216 238 144 260 131 217 ShortSide_forGripper
square_00027 0.458 221 99 271 75 308 150 258 174 ShortSide_forGripper
square_00027 0.466 164 129 206 111 231 166 189 184 ShortSide_forGripper
square_00027 0.475 268 285 283 333 199 360 184 312 ShortSide_forGripper
square_00027 0.479 388 123 403 168 323 196 308 151 ShortSide_forGripper
square_00027 0.500 205 106 247 86 280 155 238 175 ShortSide_forGripper
square_00027 0.504 402 161 422 198 349 236 329 199 ShortSide_forGripper
square_00027 0.521 183 121 219 103 248 162 212 180 ShortSide_forGripper
square_00027 0.553 379 106 392 147 306 173 293 132 ShortSide_forGripper
