square_00022 0.255 506 145 513 174 467 184 460 155 ShortSide_forGripper
square_00022 0.271 219 131 255 113 280 166 244 184 ShortSide_forGripper
square_00022 0.335 501 134 508 163 464 173 457 144 ShortSide_forGripper
square_00022 0.336 296 192 332 174 363 237 327 255 ShortSide_forGripper
square_00022 0.343 232 187 284 169 315 260 263 278 ShortSide_forGripper
square_00022 0.362 255 190 306 167 344 253 293 276 ShortSide_forGripper
square_00022 0.383 272 320 320 301 353 387 305 406 ShortSide_forGripper
square_00022 0.384 495 114 501 138 456 149 450 125 ShortSide_forGripper
square_00022 0.443 444 268 490 248 523 327 477 347 ShortSide_forGripper
square_00022 0.479 247 121 284 104 312 168 275 185 ShortSide_forGripper
square_00022 0.488 342 88 379 69 413 135 376 154 ShortSide_forGripper
square_00022 0.493 365 81 401 63 434 130 398 148 ShortSide_forGripper
square_00022 0.506 274 110 314 92 345 161 305 179 ShortSide_forGripper
square_00022 0.533 385 272 439 253 472 351 418 370 ShortSide_forGripper
square_00022 0.542 413 268 465 246 504 337 452 359 ShortSide_forGripper
square_00022 0.543 310 315 353 299 377 366 334 382 ShortSide_forGripper
square_00022 0.548 303 96 345 80 376 155 334 171 ShortSide_forGripper
square_00022 0.551 354 292 403 276 433 363 384 379 ShortSide_forGripper
square_00022 0.591 321 295 371 278 404 374 354 391 ShortSide_forGripper
square_00022 0.595 326 95 365 78 393 140 354 157 ShortSide_forGripper
