square_00029 0.251 137 178 159 152 198 183 176 209 ShortSide_forGripper
square_00029 0.251 325 350 362 369 330 429 293 410 ShortSide_forGripper
square_00029 0.261 285 205 332 234 284 314 237 285 ShortSide_forGripper
square_00029 0.261 248 216 292 240 239 341 195 317 ShortSide_forGripper
square_00029 0.266 419 246 442 217 482 249 459 278 ShortSide_forGripper
square_00029 0.267 156 145 179 108 241 146 218 183 ShortSide_forGripper
square_00029 0.275 417 159 458 178 430 240 389 221 ShortSide_forGripper
square_00029 0.284 289 269 333 294 276 392 232 367 ShortSide_forGripper
square_00029 0.285 275 54 309 71 268 151 234 134 ShortSide_forGripper
square_00029 0.299 441 167 477 186 442 250 406 231 ShortSide_forGripper
square_00029 0.305 150 163 171 132 213 160 192 191 ShortSide_forGripper
square_00029 0.308 343 202 390 226 334 331 287 307 ShortSide_forGripper
square_00029 0.338 343 115 376 133 346 190 313 172 ShortSide_forGripper
square_00029 0.342 185 116 201 85 270 121 254 152 ShortSide_forGripper
square_00029 0.354 319 106 349 125 312 181 282 162 ShortSide_forGripper
square_00029 0.382 282 226 324 248 271 347 229 325 ShortSide_forGripper
square_00029 0.403 393 133 426 151 388 222 355 204 ShortSide_forGripper
square_00029 0.404 404 265 424 234 469 264 449 295 ShortSide_forGripper
square_00029 0.427 298 282 334 303 295 367 259 346 ShortSide_forGripper
square_00029 0.431 316 225 356 247 303 346 263 324 ShortSide_forGripper
square_00029 0.441 329 240 375 264 334 343 288 319 ShortSide_forGripper
square_00029 0.453 390 278 416 246 465 285 439 317 ShortSide_forGripper
square_00029 0.547 300 74 331 90 293 161 262 145 ShortSide_forGripper
square_00029 0.611 368 113 398 129 359 202 329 186 ShortSide_forGripper
square_00029 0.679 332 90 363 106 323 181 292 165 ShortSide_forGripper
