strip_00100 0.305 195 228 249 202 288 283 234 309 ShortSide_forGripper
strip_00100 0.316 129 255 186 221 236 304 179 338 ShortSide_forGripper
strip_00100 0.363 154 235 217 200 269 296 206 331 ShortSide_forGripper
strip_00100 0.430 86 287 127 266 159 330 118 351 ShortSide_forGripper
strip_00100 0.440 369 162 402 144 432 197 399 215 ShortSide_forGripper
strip_00100 0.466 244 213 288 192 321 260 277 281 ShortSide_forGripper
strip_00100 0.487 107 274 153 247 194 317 148 344 ShortSide_forGripper
strip_00100 0.568 274 198 319 173 357 241 312 266 ShortSide_forGripper
strip_00100 0.637 348 174 385 156 411 207 374 225 ShortSide_forGripper
strip_00100 0.681 310 185 351 162 385 224 344 247 ShortSide_forGripper
