strip_00035 0.260 250 251 274 209 327 240 303 282 ShortSide_forGripper
strip_00035 0.321 236 269 263 224 319 258 292 303 ShortSide_forGripper
strip_00035 0.324 263 219 291 174 350 210 322 255 ShortSide_forGripper
strip_00035 0.391 344 93 363 63 407 90 388 120 ShortSide_forGripper
strip_00035 0.402 145 427 162 400 206 426 189 453 ShortSide_forGripper
strip_00035 0.473 207 322 223 294 274 323 258 351 ShortSide_forGripper
strip_00035 0.482 180 364 205 322 255 351 230 393 ShortSide_forGripper
strip_00035 0.487 195 342 213 310 262 337 244 369 ShortSide_forGripper
strip_00035 0.523 225 292 241 263 292 291 276 320 ShortSide_forGripper
strip_00035 0.546 279 181 299 142 368 178 348 217 ShortSide_forGripper
strip_00035 0.567 161 396 178 368 226 397 209 425 ShortSide_forGripper
strip_00035 0.571 335 106 351 81 396 109 380 134 ShortSide_forGripper
strip_00035 0.582 167 381 185 348 242 378 224 411 ShortSide_forGripper
strip_00035 0.608 155 412 171 382 220 409 204 439 ShortSide_forGripper
strip_00035 0.652 314 125 340 81 401 118 375 162 ShortSide_forGripper
strip_00035 0.663 295 150 315 112 384 149 364 187 ShortSide_forGripper
