strip_00093 0.290 269 164 286 201 222 229 205 192 ShortSide_forGripper
strip_00093 0.299 266 178 289 217 227 253 204 214 ShortSide_forGripper
strip_00093 0.362 430 308 453 328 409 379 386 359 ShortSide_forGripper
strip_00093 0.406 222 116 249 145 201 189 174 160 ShortSide_forGripper
strip_00093 0.509 198 106 219 126 179 169 158 149 ShortSide_forGripper
strip_00093 0.511 341 224 377 256 316 327 280 295 ShortSide_forGripper
strip_00093 0.561 281 201 320 234 270 294 231 261 ShortSide_forGripper
strip_00093 0.659 371 251 405 280 346 348 312 319 ShortSide_forGripper
strip_00093 0.664 319 219 349 245 292 310 262 284 ShortSide_forGripper
strip_00093 0.734 412 282 439 306 385 369 358 345 ShortSide_forGripper
