strip_00050 0.304 430 218 465 211 475 263 440 270 ShortSide_forGripper
strip_00050 0.375 233 242 274 231 292 297 251 308 ShortSide_forGripper
strip_00050 0.383 287 237 322 228 336 282 301 291 ShortSide_forGripper
strip_00050 0.394 309 220 352 211 370 287 327 296 ShortSide_forGripper
strip_00050 0.413 107 262 146 252 160 309 121 319 ShortSide_forGripper
strip_00050 0.441 269 240 305 230 322 287 286 297 ShortSide_forGripper
strip_00050 0.477 125 249 166 240 184 314 143 323 ShortSide_forGripper
strip_00050 0.486 391 215 431 203 452 272 412 284 ShortSide_forGripper
strip_00050 0.498 339 225 372 218 384 272 351 279 ShortSide_forGripper
strip_00050 0.534 352 222 385 214 399 273 366 281 ShortSide_forGripper
strip_00050 0.548 146 241 193 230 213 316 166 327 ShortSide_forGripper
strip_00050 0.580 364 212 407 203 425 279 382 288 ShortSide_forGripper
strip_00050 0.608 171 234 219 223 240 315 192 326 ShortSide_forGripper
strip_00050 0.610 252 240 291 229 309 291 270 302 ShortSide_forGripper
strip_00050 0.615 196 232 245 215 277 307 228 324 ShortSide_forGripper
