strip_00059 0.283 137 182 173 191 156 267 120 258 ShortSide_forGripper
strip_00059 0.292 332 225 365 237 345 296 312 284 ShortSide_forGripper
strip_00059 0.304 176 202 208 213 191 261 159 250 ShortSide_forGripper
strip_00059 0.305 221 207 258 217 242 278 205 268 ShortSide_forGripper
strip_00059 0.320 302 220 339 230 323 291 286 281 ShortSide_forGripper
strip_00059 0.325 100 175 137 182 123 260 86 253 ShortSide_forGripper
strip_00059 0.355 202 197 236 207 215 276 181 266 ShortSide_forGripper
strip_00059 0.374 89 185 122 192 110 250 77 243 ShortSide_forGripper
strip_00059 0.447 289 210 327 218 308 297 270 289 ShortSide_forGripper
strip_00059 0.481 241 203 276 210 260 286 225 279 ShortSide_forGripper
strip_00059 0.548 267 208 303 216 288 291 252 283 ShortSide_forGripper
