strip_00084 0.281 415 141 450 115 484 162 449 188 ShortSide_forGripper
strip_00084 0.297 248 185 302 184 303 284 249 285 ShortSide_forGripper
strip_00084 0.354 211 204 259 188 290 279 242 295 ShortSide_forGripper
strip_00084 0.371 296 202 339 188 363 257 320 271 ShortSide_forGripper
strip_00084 0.404 185 231 223 207 268 280 230 304 ShortSide_forGripper
strip_00084 0.436 270 192 321 185 333 273 282 280 ShortSide_forGripper
strip_00084 0.551 162 250 203 222 245 285 204 313 ShortSide_forGripper
strip_00084 0.659 351 176 390 143 438 201 399 234 ShortSide_forGripper
strip_00084 0.712 376 153 419 117 475 184 432 220 ShortSide_forGripper
strip_00084 0.824 322 205 354 176 399 226 367 255 ShortSide_forGripper
strip_00084 0.824 435 125 466 96 514 146 483 175 ShortSide_forGripper
