strip_00149 0.250 293 211 324 230 294 280 263 261 ShortSide_forGripper
strip_00149 0.325 279 193 319 211 278 298 238 280 ShortSide_forGripper
strip_00149 0.328 239 183 282 202 242 288 199 269 ShortSide_forGripper
strip_00149 0.373 108 147 154 163 131 226 85 210 ShortSide_forGripper
strip_00149 0.375 448 269 483 285 447 366 412 350 ShortSide_forGripper
strip_00149 0.395 204 175 241 192 203 274 166 257 ShortSide_forGripper
strip_00149 0.417 167 155 206 172 170 256 131 239 ShortSide_forGripper
strip_00149 0.472 310 205 347 222 307 306 270 289 ShortSide_forGripper
strip_00149 0.563 140 144 177 160 141 245 104 229 ShortSide_forGripper
strip_00149 0.575 334 209 377 228 337 324 294 305 ShortSide_forGripper
strip_00149 0.664 430 253 466 272 419 360 383 341 ShortSide_forGripper
strip_00149 0.682 370 221 413 240 369 344 326 325 ShortSide_forGripper
strip_00149 0.743 396 233 438 251 395 354 353 336 ShortSide_forGripper
