strip_00158 0.276 70 355 92 334 127 370 105 391 ShortSide_forGripper
strip_00158 0.324 56 337 83 318 113 360 86 379 ShortSide_forGripper
strip_00158 0.525 119 291 157 255 206 306 168 342 ShortSide_forGripper
strip_00158 0.531 351 96 389 60 448 121 410 157 ShortSide_forGripper
strip_00158 0.572 240 198 274 159 327 205 293 244 ShortSide_forGripper
strip_00158 0.590 206 219 244 183 295 236 257 272 ShortSide_forGripper
strip_00158 0.607 290 151 328 110 387 166 349 207 ShortSide_forGripper
strip_00158 0.608 167 252 204 216 256 269 219 305 ShortSide_forGripper
strip_00158 0.687 266 174 301 137 353 185 318 222 ShortSide_forGripper
strip_00158 0.703 64 337 95 308 137 354 106 383 ShortSide_forGripper
strip_00158 0.704 328 124 363 86 419 137 384 175 ShortSide_forGripper
strip_00158 0.746 142 275 181 236 231 286 192 325 ShortSide_forGripper
strip_00158 0.797 381 77 414 42 474 98 441 133 ShortSide_forGripper
strip_00158 0.840 409 60 438 28 488 73 459 105 ShortSide_forGripper
