strip_00083 0.329 322 207 352 230 303 294 273 271 ShortSide_forGripper
strip_00083 0.398 486 236 527 238 523 307 482 305 ShortSide_forGripper
strip_00083 0.418 344 211 383 227 347 312 308 296 ShortSide_forGripper
strip_00083 0.460 505 239 539 241 536 310 502 308 ShortSide_forGripper
strip_00083 0.481 469 232 511 234 506 313 464 311 ShortSide_forGripper
strip_00083 0.527 215 185 252 187 250 252 213 250 ShortSide_forGripper
strip_00083 0.569 358 225 400 228 395 314 353 311 ShortSide_forGripper
strip_00083 0.570 444 228 487 228 485 315 442 315 ShortSide_forGripper
strip_00083 0.588 412 224 456 226 451 317 407 315 ShortSide_forGripper
strip_00083 0.596 379 223 423 226 416 316 372 313 ShortSide_forGripper
strip_00083 0.605 237 183 280 184 278 258 235 257 ShortSide_forGripper
