strip_00033 0.286 356 234 393 230 399 289 362 293 ShortSide_forGripper
strip_00033 0.302 229 240 266 235 274 291 237 296 ShortSide_forGripper
strip_00033 0.394 193 241 232 237 238 296 199 300 ShortSide_forGripper
strip_00033 0.398 369 234 410 228 418 287 377 293 ShortSide_forGripper
strip_00033 0.424 210 241 249 237 255 294 216 298 ShortSide_forGripper
strip_00033 0.432 431 227 479 224 482 290 434 293 ShortSide_forGripper
strip_00033 0.471 523 213 564 210 570 292 529 295 ShortSide_forGripper
strip_00033 0.486 397 233 441 226 450 286 406 293 ShortSide_forGripper
strip_00033 0.490 130 251 166 249 167 296 131 298 ShortSide_forGripper
strip_00033 0.510 460 230 507 225 513 287 466 292 ShortSide_forGripper
strip_00033 0.512 174 239 215 235 221 296 180 300 ShortSide_forGripper
strip_00033 0.551 493 226 537 221 544 287 500 292 ShortSide_forGripper
strip_00033 0.608 159 242 198 240 202 299 163 301 ShortSide_forGripper
strip_00033 0.617 145 247 181 243 186 298 150 302 ShortSide_forGripper
