strip_00120 0.299 277 190 327 167 370 259 320 282 ShortSide_forGripper
strip_00120 0.334 221 237 258 219 298 306 261 324 ShortSide_forGripper
strip_00120 0.413 371 122 420 99 472 211 423 234 ShortSide_forGripper
strip_00120 0.439 175 262 237 221 298 311 236 352 ShortSide_forGripper
strip_00120 0.468 229 229 290 188 350 276 289 317 ShortSide_forGripper
strip_00120 0.470 439 83 510 57 552 174 481 200 ShortSide_forGripper
strip_00120 0.472 392 112 463 81 513 193 442 224 ShortSide_forGripper
strip_00120 0.497 116 301 179 273 217 358 154 386 ShortSide_forGripper
strip_00120 0.513 337 144 409 118 450 231 378 257 ShortSide_forGripper
strip_00120 0.521 139 287 201 245 260 332 198 374 ShortSide_forGripper
strip_00120 0.596 301 165 373 139 414 250 342 276 ShortSide_forGripper
