strip_00088 0.414 258 157 300 171 273 250 231 236 ShortSide_forGripper
strip_00088 0.456 333 202 371 218 338 295 300 279 ShortSide_forGripper
strip_00088 0.486 361 218 399 221 394 291 356 288 ShortSide_forGripper
strip_00088 0.488 309 175 343 197 294 272 260 250 ShortSide_forGripper
strip_00088 0.502 222 151 263 158 247 248 206 241 ShortSide_forGripper
strip_00088 0.561 193 147 233 152 220 244 180 239 ShortSide_forGripper
strip_00088 0.580 163 144 201 149 188 239 150 234 ShortSide_forGripper
strip_00088 0.580 93 146 129 150 122 223 86 219 ShortSide_forGripper
strip_00088 0.602 342 204 382 212 365 297 325 289 ShortSide_forGripper
strip_00088 0.606 120 143 163 150 149 228 106 221 ShortSide_forGripper
