strip_00061 0.265 119 309 143 286 206 354 182 377 ShortSide_forGripper
strip_00061 0.271 262 272 286 324 161 379 137 327 ShortSide_forGripper
strip_00061 0.327 215 185 266 159 338 302 287 328 ShortSide_forGripper
strip_00061 0.333 334 126 375 134 351 267 310 259 ShortSide_forGripper
strip_00061 0.344 305 119 345 86 406 160 366 193 ShortSide_forGripper
strip_00061 0.391 309 131 364 139 342 296 287 288 ShortSide_forGripper
strip_00061 0.400 166 232 217 206 291 351 240 377 ShortSide_forGripper
strip_00061 0.414 211 218 267 237 212 399 156 380 ShortSide_forGripper
strip_00061 0.425 102 296 157 252 229 345 174 389 ShortSide_forGripper
strip_00061 0.448 247 156 297 130 368 269 318 295 ShortSide_forGripper
strip_00061 0.502 284 129 333 104 399 234 350 259 ShortSide_forGripper
strip_00061 0.550 129 248 183 221 260 371 206 398 ShortSide_forGripper
