strip_00025 0.251 389 287 390 351 318 352 317 288 ShortSide_forGripper
strip_00025 0.252 325 399 325 353 386 353 386 399 ShortSide_forGripper
strip_00025 0.268 386 221 387 293 311 294 310 222 ShortSide_forGripper
strip_00025 0.291 381 125 386 183 300 190 295 132 ShortSide_forGripper
strip_00025 0.300 387 154 389 228 304 229 302 155 ShortSide_forGripper
strip_00025 0.301 387 191 389 261 308 262 306 192 ShortSide_forGripper
strip_00025 0.306 285 110 287 31 380 33 378 112 ShortSide_forGripper
strip_00025 0.321 323 356 323 322 388 323 388 357 ShortSide_forGripper
strip_00025 0.354 315 323 315 269 391 269 391 323 ShortSide_forGripper
strip_00025 0.392 380 103 384 160 295 166 291 109 ShortSide_forGripper
strip_00025 0.466 291 131 291 74 381 74 381 131 ShortSide_forGripper
