strip_00148 0.290 293 173 314 209 240 250 219 214 ShortSide_forGripper
strip_00148 0.321 279 124 297 155 238 189 220 158 ShortSide_forGripper
strip_00148 0.333 389 359 407 390 344 426 326 395 ShortSide_forGripper
strip_00148 0.501 232 56 251 91 189 125 170 90 ShortSide_forGripper
strip_00148 0.564 238 73 257 106 195 142 176 109 ShortSide_forGripper
strip_00148 0.587 312 194 334 233 257 277 235 238 ShortSide_forGripper
strip_00148 0.636 328 220 350 258 275 301 253 263 ShortSide_forGripper
strip_00148 0.639 251 97 272 133 200 174 179 138 ShortSide_forGripper
strip_00148 0.641 360 276 383 317 303 363 280 322 ShortSide_forGripper
strip_00148 0.649 372 303 394 344 315 386 293 345 ShortSide_forGripper
strip_00148 0.650 267 122 290 160 212 205 189 167 ShortSide_forGripper
strip_00148 0.689 285 149 307 187 226 234 204 196 ShortSide_forGripper
strip_00148 0.700 345 252 368 292 290 337 267 297 ShortSide_forGripper
strip_00148 0.723 385 334 406 373 330 413 309 374 ShortSide_forGripper
