strip_00112 0.268 412 391 434 415 399 448 377 424 ShortSide_forGripper
strip_00112 0.291 402 369 429 401 383 440 356 408 ShortSide_forGripper
strip_00112 0.303 311 215 336 250 256 306 231 271 ShortSide_forGripper
strip_00112 0.320 384 314 409 346 351 391 326 359 ShortSide_forGripper
strip_00112 0.366 261 137 281 166 226 204 206 175 ShortSide_forGripper
strip_00112 0.443 284 177 307 216 221 266 198 227 ShortSide_forGripper
strip_00112 0.465 348 281 371 310 315 354 292 325 ShortSide_forGripper
strip_00112 0.561 205 74 224 104 170 139 151 109 ShortSide_forGripper
strip_00112 0.597 262 147 284 185 211 228 189 190 ShortSide_forGripper
strip_00112 0.637 322 250 346 280 285 327 261 297 ShortSide_forGripper
strip_00112 0.677 229 96 251 128 178 177 156 145 ShortSide_forGripper
strip_00112 0.682 242 117 264 149 191 198 169 166 ShortSide_forGripper
