strip_00056 0.402 76 277 104 251 145 294 117 320 ShortSide_forGripper
strip_00056 0.414 265 172 301 146 338 197 302 223 ShortSide_forGripper
strip_00056 0.419 290 164 323 140 355 183 322 207 ShortSide_forGripper
strip_00056 0.456 240 187 277 164 311 218 274 241 ShortSide_forGripper
strip_00056 0.507 343 124 381 103 416 165 378 186 ShortSide_forGripper
strip_00056 0.516 131 243 164 211 210 260 177 292 ShortSide_forGripper
strip_00056 0.586 181 209 223 185 258 246 216 270 ShortSide_forGripper
strip_00056 0.670 326 141 359 117 395 166 362 190 ShortSide_forGripper
strip_00056 0.699 212 202 251 176 289 233 250 259 ShortSide_forGripper
strip_00056 0.729 306 156 336 129 373 171 343 198 ShortSide_forGripper
strip_00056 0.734 96 255 129 223 181 276 148 308 ShortSide_forGripper
