strip_00070 0.261 167 185 202 184 206 274 171 275 ShortSide_forGripper
strip_00070 0.291 415 176 486 178 484 309 413 307 ShortSide_forGripper
strip_00070 0.318 435 185 473 185 472 276 434 276 ShortSide_forGripper
strip_00070 0.333 169 182 242 180 244 303 171 305 ShortSide_forGripper
strip_00070 0.374 400 177 454 178 449 294 395 293 ShortSide_forGripper
strip_00070 0.382 333 180 407 181 404 315 330 314 ShortSide_forGripper
strip_00070 0.409 365 175 439 177 436 314 362 312 ShortSide_forGripper
strip_00070 0.440 298 180 372 178 375 317 301 319 ShortSide_forGripper
strip_00070 0.446 266 180 341 179 343 319 268 320 ShortSide_forGripper
strip_00070 0.476 204 180 280 178 283 315 207 317 ShortSide_forGripper
