strip_00107 0.285 270 247 279 288 201 304 192 263 ShortSide_forGripper
strip_00107 0.300 205 91 217 119 170 140 158 112 ShortSide_forGripper
strip_00107 0.356 204 109 215 136 171 154 160 127 ShortSide_forGripper
strip_00107 0.373 236 164 248 210 181 227 169 181 ShortSide_forGripper
strip_00107 0.449 318 353 337 394 265 428 246 387 ShortSide_forGripper
strip_00107 0.454 221 120 234 154 174 177 161 143 ShortSide_forGripper
strip_00107 0.464 183 48 199 78 158 101 142 71 ShortSide_forGripper
strip_00107 0.523 313 337 329 378 252 408 236 367 ShortSide_forGripper
strip_00107 0.530 301 284 317 332 226 363 210 315 ShortSide_forGripper
strip_00107 0.531 213 88 235 127 166 167 144 128 ShortSide_forGripper
strip_00107 0.533 208 66 227 100 159 139 140 105 ShortSide_forGripper
strip_00107 0.539 256 202 267 248 187 267 176 221 ShortSide_forGripper
strip_00107 0.558 266 222 279 271 191 293 178 244 ShortSide_forGripper
strip_00107 0.599 286 257 301 302 209 334 194 289 ShortSide_forGripper
strip_00107 0.650 308 311 321 349 243 376 230 338 ShortSide_forGripper
