strip_00040 0.270 360 96 371 68 411 83 400 111 ShortSide_forGripper
strip_00040 0.310 216 445 229 410 279 428 266 463 ShortSide_forGripper
strip_00040 0.356 281 271 299 235 352 260 334 296 ShortSide_forGripper
strip_00040 0.366 293 230 316 180 378 207 355 257 ShortSide_forGripper
strip_00040 0.386 224 425 236 394 287 414 275 445 ShortSide_forGripper
strip_00040 0.386 314 191 333 146 389 170 370 215 ShortSide_forGripper
strip_00040 0.396 230 381 248 344 309 374 291 411 ShortSide_forGripper
strip_00040 0.415 282 256 302 211 365 239 345 284 ShortSide_forGripper
strip_00040 0.433 219 416 237 368 296 391 278 439 ShortSide_forGripper
strip_00040 0.439 327 159 340 124 396 144 383 179 ShortSide_forGripper
strip_00040 0.460 250 333 266 299 325 328 309 362 ShortSide_forGripper
strip_00040 0.475 343 113 363 68 414 92 394 137 ShortSide_forGripper
strip_00040 0.492 262 300 285 250 351 281 328 331 ShortSide_forGripper
strip_00040 0.547 364 85 371 59 413 70 406 96 ShortSide_forGripper
strip_00040 0.551 330 140 346 105 399 131 383 166 ShortSide_forGripper
strip_00040 0.575 252 322 274 273 343 303 321 352 ShortSide_forGripper
strip_00040 0.577 231 368 252 314 326 343 305 397 ShortSide_forGripper
strip_00040 0.645 340 124 356 91 407 115 391 148 ShortSide_forGripper
