strip_00034 0.347 453 113 482 92 508 128 479 149 ShortSide_forGripper
strip_00034 0.417 123 367 152 342 182 378 153 403 ShortSide_forGripper
strip_00034 0.449 288 235 318 205 359 248 329 278 ShortSide_forGripper
strip_00034 0.467 314 216 346 189 385 235 353 262 ShortSide_forGripper
strip_00034 0.508 270 250 300 221 339 261 309 290 ShortSide_forGripper
strip_00034 0.515 212 291 249 260 291 310 254 341 ShortSide_forGripper
strip_00034 0.547 176 315 217 281 261 334 220 368 ShortSide_forGripper
strip_00034 0.576 246 269 277 243 313 286 282 312 ShortSide_forGripper
strip_00034 0.602 422 131 450 104 491 148 463 175 ShortSide_forGripper
strip_00034 0.612 339 194 374 160 420 209 385 243 ShortSide_forGripper
strip_00034 0.626 364 174 400 138 445 183 409 219 ShortSide_forGripper
strip_00034 0.717 159 332 190 302 234 347 203 377 ShortSide_forGripper
strip_00034 0.734 400 143 431 112 477 158 446 189 ShortSide_forGripper
strip_00034 0.752 136 351 165 325 205 368 176 394 ShortSide_forGripper
