strip_00053 0.293 318 67 322 93 273 100 269 74 ShortSide_forGripper
strip_00053 0.334 274 149 274 109 317 110 317 150 ShortSide_forGripper
strip_00053 0.354 266 182 270 141 317 145 313 186 ShortSide_forGripper
strip_00053 0.386 263 201 264 169 310 170 309 202 ShortSide_forGripper
strip_00053 0.443 311 241 315 284 260 288 256 245 ShortSide_forGripper
strip_00053 0.495 263 127 266 96 328 102 325 133 ShortSide_forGripper
strip_00053 0.549 271 112 271 87 321 87 321 112 ShortSide_forGripper
strip_00053 0.565 319 266 324 318 260 323 255 271 ShortSide_forGripper
strip_00053 0.575 251 346 255 293 326 299 322 352 ShortSide_forGripper
strip_00053 0.649 251 410 251 366 324 366 324 410 ShortSide_forGripper
strip_00053 0.687 247 377 251 333 330 340 326 384 ShortSide_forGripper
