strip_00151 0.253 281 300 282 233 384 235 383 302 LongSide_forGripper
strip_00151 0.254 345 229 383 229 383 307 345 307 ShortSide_forGripper
strip_00151 0.297 300 214 370 212 371 317 301 319 ShortSide_forGripper
strip_00151 0.327 451 236 479 235 482 293 454 294 ShortSide_forGripper
strip_00151 0.353 331 211 405 209 406 316 332 318 ShortSide_forGripper
strip_00151 0.365 362 227 398 227 398 306 362 306 ShortSide_forGripper
strip_00151 0.394 265 226 320 223 324 317 269 320 ShortSide_forGripper
strip_00151 0.434 207 236 243 235 248 313 212 314 ShortSide_forGripper
strip_00151 0.473 234 229 288 227 293 318 239 320 ShortSide_forGripper
strip_00151 0.475 379 223 414 223 412 308 377 308 ShortSide_forGripper
strip_00151 0.479 429 218 478 216 482 307 433 309 ShortSide_forGripper
strip_00151 0.569 226 234 261 234 259 315 224 315 ShortSide_forGripper
strip_00151 0.651 398 219 447 217 451 310 402 312 ShortSide_forGripper
