strip_00113 0.310 452 306 480 320 459 363 431 349 ShortSide_forGripper
strip_00113 0.352 429 272 464 291 426 363 391 344 ShortSide_forGripper
strip_00113 0.396 392 253 435 274 399 352 356 331 ShortSide_forGripper
strip_00113 0.407 343 228 378 247 336 325 301 306 ShortSide_forGripper
strip_00113 0.411 118 113 157 134 127 190 88 169 ShortSide_forGripper
strip_00113 0.433 181 132 216 152 174 229 139 209 ShortSide_forGripper
strip_00113 0.469 368 245 406 263 371 338 333 320 ShortSide_forGripper
strip_00113 0.556 284 196 320 215 275 301 239 282 ShortSide_forGripper
strip_00113 0.573 240 177 281 199 239 278 198 256 ShortSide_forGripper
strip_00113 0.576 201 150 235 168 194 245 160 227 ShortSide_forGripper
strip_00113 0.577 309 208 348 229 304 311 265 290 ShortSide_forGripper
strip_00113 0.593 149 120 195 144 156 217 110 193 ShortSide_forGripper
