strip_00038 0.367 277 235 321 229 332 308 288 314 ShortSide_forGripper
strip_00038 0.376 248 244 297 235 309 303 260 312 ShortSide_forGripper
strip_00038 0.386 306 235 347 229 359 304 318 310 ShortSide_forGripper
strip_00038 0.424 347 233 394 227 402 296 355 302 ShortSide_forGripper
strip_00038 0.424 201 244 249 237 260 307 212 314 ShortSide_forGripper
strip_00038 0.438 380 231 427 224 437 292 390 299 ShortSide_forGripper
strip_00038 0.445 59 259 97 253 106 310 68 316 ShortSide_forGripper
strip_00038 0.446 170 243 220 238 227 310 177 315 ShortSide_forGripper
strip_00038 0.475 106 249 157 244 165 318 114 323 ShortSide_forGripper
strip_00038 0.488 432 224 473 219 481 285 440 290 ShortSide_forGripper
strip_00038 0.497 88 240 136 235 145 325 97 330 ShortSide_forGripper
strip_00038 0.525 135 242 189 236 198 317 144 323 ShortSide_forGripper
strip_00038 0.564 412 231 456 225 465 288 421 294 ShortSide_forGripper
