strip_00160 0.281 266 173 284 205 231 234 213 202 ShortSide_forGripper
strip_00160 0.362 292 215 313 254 255 284 234 245 ShortSide_forGripper
strip_00160 0.414 300 235 319 269 261 302 242 268 ShortSide_forGripper
strip_00160 0.418 278 197 298 233 241 266 221 230 ShortSide_forGripper
strip_00160 0.423 244 123 263 157 203 192 184 158 ShortSide_forGripper
strip_00160 0.501 317 260 338 298 270 337 249 299 ShortSide_forGripper
strip_00160 0.504 372 360 393 397 323 437 302 400 ShortSide_forGripper
strip_00160 0.519 358 333 382 374 309 416 285 375 ShortSide_forGripper
strip_00160 0.555 227 83 248 118 186 154 165 119 ShortSide_forGripper
strip_00160 0.560 398 417 412 445 355 474 341 446 ShortSide_forGripper
strip_00160 0.571 209 36 228 71 168 103 149 68 ShortSide_forGripper
strip_00160 0.599 343 312 366 351 298 391 275 352 ShortSide_forGripper
strip_00160 0.606 339 285 363 330 288 370 264 325 ShortSide_forGripper
strip_00160 0.608 384 387 404 421 339 458 319 424 ShortSide_forGripper
strip_00160 0.656 185 19 202 45 162 70 145 44 ShortSide_forGripper
strip_00160 0.679 221 54 241 91 176 125 156 88 ShortSide_forGripper
