loop_00042 0.261 284 290 320 276 341 331 305 345 ShortSide_forGripper
loop_00042 0.262 168 259 203 286 165 334 130 307 ShortSide_forGripper
loop_00042 0.285 269 292 309 280 326 339 286 351 ShortSide_forGripper
loop_00042 0.324 226 280 275 288 263 355 214 347 ShortSide_forGripper
loop_00042 0.346 318 274 349 242 393 283 362 315 ShortSide_forGripper
loop_00042 0.352 150 229 174 263 133 292 109 258 ShortSide_forGripper
loop_00042 0.387 211 268 254 283 222 371 179 356 ShortSide_forGripper
loop_00042 0.398 297 289 332 266 360 308 325 331 ShortSide_forGripper
loop_00042 0.420 181 267 225 293 190 352 146 326 ShortSide_forGripper
loop_00042 0.425 157 242 186 275 144 313 115 280 ShortSide_forGripper
loop_00042 0.438 439 240 481 268 420 363 378 335 ShortSide_forGripper
