loop_00037 0.254 108 203 128 173 159 194 139 224 ShortSide_forGripper
loop_00037 0.305 137 328 154 357 116 379 99 350 ShortSide_forGripper
loop_00037 0.333 269 385 309 374 326 434 286 445 ShortSide_forGripper
loop_00037 0.335 357 332 373 297 424 321 408 356 ShortSide_forGripper
loop_00037 0.340 226 99 231 141 147 150 142 108 ShortSide_forGripper
loop_00037 0.383 121 185 142 157 172 180 151 208 ShortSide_forGripper
loop_00037 0.384 298 378 336 357 365 409 327 430 ShortSide_forGripper
loop_00037 0.416 201 41 205 72 144 80 140 49 ShortSide_forGripper
loop_00037 0.520 316 365 353 330 403 382 366 417 ShortSide_forGripper
loop_00037 0.553 208 52 212 88 141 97 137 61 ShortSide_forGripper
loop_00037 0.576 217 73 225 118 146 130 138 85 ShortSide_forGripper
