loop_00049 0.251 529 237 535 278 490 284 484 243 ShortSide_forGripper
loop_00049 0.252 477 324 492 287 538 305 523 342 ShortSide_forGripper
loop_00049 0.253 303 383 346 401 316 476 273 458 ShortSide_forGripper
loop_00049 0.269 357 413 403 395 428 458 382 476 ShortSide_forGripper
loop_00049 0.269 521 203 534 245 484 260 471 218 ShortSide_forGripper
loop_00049 0.292 433 379 465 340 514 380 482 419 ShortSide_forGripper
loop_00049 0.300 193 110 250 97 278 229 221 242 ShortSide_forGripper
loop_00049 0.307 336 399 389 384 411 458 358 473 ShortSide_forGripper
loop_00049 0.309 260 381 300 402 271 456 231 435 ShortSide_forGripper
loop_00049 0.316 122 187 160 144 241 214 203 257 ShortSide_forGripper
loop_00049 0.354 194 232 207 276 135 297 122 253 ShortSide_forGripper
loop_00049 0.357 494 170 518 199 477 231 453 202 ShortSide_forGripper
loop_00049 0.362 279 69 336 70 334 178 277 177 ShortSide_forGripper
loop_00049 0.364 391 405 436 379 468 434 423 460 ShortSide_forGripper
loop_00049 0.371 247 362 287 390 244 449 204 421 ShortSide_forGripper
loop_00049 0.411 414 392 454 362 495 417 455 447 ShortSide_forGripper
loop_00049 0.419 377 408 416 388 444 445 405 465 ShortSide_forGripper
loop_00049 0.440 193 256 216 299 148 335 125 292 ShortSide_forGripper
loop_00049 0.487 225 352 255 383 212 423 182 392 ShortSide_forGripper
loop_00049 0.487 400 104 437 122 411 175 374 157 ShortSide_forGripper
loop_00049 0.497 325 74 367 80 354 171 312 165 ShortSide_forGripper
loop_00049 0.501 360 82 397 93 373 175 336 164 ShortSide_forGripper
loop_00049 0.527 479 148 509 178 466 219 436 189 ShortSide_forGripper
loop_00049 0.534 217 283 240 322 154 372 131 333 ShortSide_forGripper
loop_00049 0.571 422 111 459 131 429 188 392 168 ShortSide_forGripper
loop_00049 0.587 215 317 243 357 182 400 154 360 ShortSide_forGripper
loop_00049 0.621 445 125 476 144 444 198 413 179 ShortSide_forGripper
