loop_00003 0.264 222 92 271 87 279 163 230 168 ShortSide_forGripper
loop_00003 0.276 142 250 145 208 195 211 192 253 ShortSide_forGripper
loop_00003 0.280 303 307 306 259 378 264 375 312 ShortSide_forGripper
loop_00003 0.292 303 344 303 287 374 287 374 344 ShortSide_forGripper
loop_00003 0.298 314 196 314 144 378 144 378 196 ShortSide_forGripper
loop_00003 0.341 305 273 310 229 378 236 373 280 ShortSide_forGripper
loop_00003 0.343 256 75 304 75 303 170 255 170 ShortSide_forGripper
loop_00003 0.354 309 252 311 210 372 213 370 255 ShortSide_forGripper
loop_00003 0.418 276 70 327 70 325 163 274 163 ShortSide_forGripper
loop_00003 0.425 306 223 312 169 381 176 375 230 ShortSide_forGripper
