loop_00045 0.289 147 321 174 350 134 388 107 359 ShortSide_forGripper
loop_00045 0.296 169 83 205 63 234 112 198 132 ShortSide_forGripper
loop_00045 0.304 217 345 272 348 268 438 213 435 ShortSide_forGripper
loop_00045 0.309 134 232 144 279 75 295 65 248 ShortSide_forGripper
loop_00045 0.321 377 327 412 289 492 364 457 402 ShortSide_forGripper
loop_00045 0.325 326 336 339 290 447 321 434 367 ShortSide_forGripper
loop_00045 0.336 145 283 166 320 100 358 79 321 ShortSide_forGripper
loop_00045 0.342 243 336 304 332 312 437 251 441 ShortSide_forGripper
loop_00045 0.346 72 224 87 186 145 209 130 247 ShortSide_forGripper
loop_00045 0.355 366 208 435 209 433 321 364 320 ShortSide_forGripper
loop_00045 0.358 178 349 217 363 195 420 156 406 ShortSide_forGripper
loop_00045 0.373 317 57 352 67 336 122 301 112 ShortSide_forGripper
loop_00045 0.382 296 363 346 349 365 416 315 430 ShortSide_forGripper
loop_00045 0.389 56 233 71 190 171 224 156 267 ShortSide_forGripper
loop_00045 0.397 141 266 154 308 92 327 79 285 ShortSide_forGripper
loop_00045 0.415 462 239 465 331 319 336 316 244 ShortSide_forGripper
loop_00045 0.434 99 175 118 138 184 170 165 207 ShortSide_forGripper
loop_00045 0.435 270 348 327 335 349 431 292 444 ShortSide_forGripper
loop_00045 0.470 352 333 389 293 463 362 426 402 ShortSide_forGripper
loop_00045 0.474 437 123 466 153 418 198 389 168 ShortSide_forGripper
loop_00045 0.487 280 46 324 49 319 133 275 130 ShortSide_forGripper
loop_00045 0.494 109 153 135 111 202 152 176 194 ShortSide_forGripper
loop_00045 0.498 246 52 292 48 297 123 251 127 ShortSide_forGripper
loop_00045 0.534 73 206 87 164 172 193 158 235 ShortSide_forGripper
loop_00045 0.539 354 67 392 85 365 142 327 124 ShortSide_forGripper
loop_00045 0.549 316 356 365 329 405 403 356 430 ShortSide_forGripper
loop_00045 0.582 378 75 414 97 381 154 345 132 ShortSide_forGripper
loop_00045 0.634 206 60 251 44 281 131 236 147 ShortSide_forGripper
loop_00045 0.667 176 77 217 57 253 132 212 152 ShortSide_forGripper
loop_00045 0.671 416 104 442 131 401 171 375 144 ShortSide_forGripper
loop_00045 0.771 140 103 183 71 233 138 190 170 ShortSide_forGripper
