loop_00040 0.255 181 213 204 243 164 274 141 244 ShortSide_forGripper
loop_00040 0.263 283 284 332 277 342 341 293 348 ShortSide_forGripper
loop_00040 0.272 265 272 309 282 294 347 250 337 ShortSide_forGripper
loop_00040 0.317 392 253 410 218 455 240 437 275 ShortSide_forGripper
loop_00040 0.330 228 434 233 387 307 395 302 442 ShortSide_forGripper
loop_00040 0.346 193 225 223 254 184 294 154 265 ShortSide_forGripper
loop_00040 0.358 305 279 348 260 380 328 337 347 ShortSide_forGripper
loop_00040 0.366 356 272 385 243 423 283 394 312 ShortSide_forGripper
loop_00040 0.369 235 387 236 355 302 356 301 388 ShortSide_forGripper
loop_00040 0.402 236 259 279 274 259 332 216 317 ShortSide_forGripper
loop_00040 0.416 238 392 245 329 321 337 314 400 ShortSide_forGripper
loop_00040 0.433 328 275 370 251 405 312 363 336 ShortSide_forGripper
loop_00040 0.434 216 246 258 271 223 329 181 304 ShortSide_forGripper
loop_00040 0.583 231 409 233 362 318 366 316 413 ShortSide_forGripper
