loop_00043 0.252 361 195 365 221 334 226 330 200 ShortSide_forGripper
loop_00043 0.255 290 129 320 138 309 176 279 167 ShortSide_forGripper
loop_00043 0.256 314 297 322 319 299 328 291 306 ShortSide_forGripper
loop_00043 0.257 199 170 218 150 244 175 225 195 ShortSide_forGripper
loop_00043 0.261 215 220 216 250 184 251 183 221 ShortSide_forGripper
loop_00043 0.262 325 288 337 311 308 325 296 302 ShortSide_forGripper
loop_00043 0.262 238 154 270 146 281 187 249 195 ShortSide_forGripper
loop_00043 0.267 286 276 319 263 339 315 306 328 ShortSide_forGripper
loop_00043 0.273 259 139 291 141 290 186 258 184 ShortSide_forGripper
loop_00043 0.284 276 145 314 151 305 200 267 194 ShortSide_forGripper
loop_00043 0.290 263 268 303 277 290 341 250 332 ShortSide_forGripper
loop_00043 0.301 345 205 348 229 324 232 321 208 ShortSide_forGripper
loop_00043 0.303 219 247 234 273 202 292 187 266 ShortSide_forGripper
loop_00043 0.303 310 130 346 149 319 199 283 180 ShortSide_forGripper
loop_00043 0.307 330 149 347 164 329 184 312 169 ShortSide_forGripper
loop_00043 0.338 308 257 320 230 355 246 343 273 ShortSide_forGripper
loop_00043 0.339 209 173 237 193 216 222 188 202 ShortSide_forGripper
loop_00043 0.342 196 185 220 196 207 222 183 211 ShortSide_forGripper
loop_00043 0.351 360 180 368 202 343 211 335 189 ShortSide_forGripper
loop_00043 0.359 210 233 221 259 193 270 182 244 ShortSide_forGripper
loop_00043 0.366 302 269 322 237 359 260 339 292 ShortSide_forGripper
loop_00043 0.368 242 266 273 280 253 325 222 311 ShortSide_forGripper
loop_00043 0.378 297 279 320 249 360 280 337 310 ShortSide_forGripper
loop_00043 0.380 208 161 234 144 259 182 233 199 ShortSide_forGripper
loop_00043 0.394 222 155 251 141 267 172 238 186 ShortSide_forGripper
loop_00043 0.405 319 245 323 214 362 218 358 249 ShortSide_forGripper
loop_00043 0.444 350 156 366 181 331 203 315 178 ShortSide_forGripper
loop_00043 0.454 195 186 216 161 244 185 223 210 ShortSide_forGripper
loop_00043 0.499 353 170 368 196 326 221 311 195 ShortSide_forGripper
