loop_00061 0.251 380 237 401 270 353 300 332 267 ShortSide_forGripper
loop_00061 0.267 345 249 361 278 316 304 300 275 ShortSide_forGripper
loop_00061 0.297 309 237 321 261 282 280 270 256 ShortSide_forGripper
loop_00061 0.316 338 236 351 259 307 285 294 262 ShortSide_forGripper
loop_00061 0.344 308 219 321 248 275 268 262 239 ShortSide_forGripper
loop_00061 0.351 360 216 374 240 327 269 313 245 ShortSide_forGripper
loop_00061 0.416 322 163 343 198 263 244 242 209 ShortSide_forGripper
loop_00061 0.418 312 185 332 219 267 258 247 224 ShortSide_forGripper
loop_00061 0.424 345 187 364 216 306 254 287 225 ShortSide_forGripper
loop_00061 0.442 315 250 328 272 290 293 277 271 ShortSide_forGripper
loop_00061 0.506 349 194 368 227 292 271 273 238 ShortSide_forGripper
loop_00061 0.544 379 244 398 273 328 319 309 290 ShortSide_forGripper
loop_00061 0.549 356 215 376 246 299 296 279 265 ShortSide_forGripper
