loop_00023 0.281 444 214 445 176 495 177 494 215 ShortSide_forGripper
loop_00023 0.305 422 222 451 199 481 235 452 258 ShortSide_forGripper
loop_00023 0.312 489 162 494 195 454 201 449 168 ShortSide_forGripper
loop_00023 0.315 371 193 391 220 356 246 336 219 ShortSide_forGripper
loop_00023 0.347 338 201 338 173 371 174 371 202 ShortSide_forGripper
loop_00023 0.351 417 118 445 128 428 177 400 167 ShortSide_forGripper
loop_00023 0.364 383 125 418 119 426 168 391 174 ShortSide_forGripper
loop_00023 0.371 410 227 445 215 461 260 426 272 ShortSide_forGripper
loop_00023 0.381 365 186 371 211 344 219 338 194 ShortSide_forGripper
loop_00023 0.423 436 115 469 132 441 184 408 167 ShortSide_forGripper
loop_00023 0.445 364 133 392 120 415 166 387 179 ShortSide_forGripper
loop_00023 0.563 344 159 366 133 405 166 383 192 ShortSide_forGripper
