loop_00008 0.261 325 279 347 307 294 350 272 322 ShortSide_forGripper
loop_00008 0.272 341 329 380 303 416 358 377 384 ShortSide_forGripper
loop_00008 0.294 305 139 340 110 378 156 343 185 ShortSide_forGripper
loop_00008 0.305 348 305 379 338 323 392 292 359 ShortSide_forGripper
loop_00008 0.339 325 302 352 334 300 379 273 347 ShortSide_forGripper
loop_00008 0.393 300 255 323 289 259 332 236 298 ShortSide_forGripper
loop_00008 0.437 211 205 250 176 294 234 255 263 ShortSide_forGripper
loop_00008 0.468 307 277 333 308 276 358 250 327 ShortSide_forGripper
loop_00008 0.508 236 186 278 152 327 211 285 245 ShortSide_forGripper
loop_00008 0.536 267 159 313 125 362 190 316 224 ShortSide_forGripper
loop_00008 0.548 362 311 401 278 449 334 410 367 ShortSide_forGripper
loop_00008 0.594 455 183 480 212 420 262 395 233 ShortSide_forGripper
loop_00008 0.605 425 156 453 187 402 235 374 204 ShortSide_forGripper
loop_00008 0.607 395 288 433 250 492 309 454 347 ShortSide_forGripper
loop_00008 0.613 470 207 494 241 437 280 413 246 ShortSide_forGripper
