loop_00048 0.262 209 25 246 -1 284 50 247 77 ShortSide_forGripper
loop_00048 0.272 395 413 432 389 462 434 425 458 ShortSide_forGripper
loop_00048 0.275 128 236 147 197 207 225 188 264 ShortSide_forGripper
loop_00048 0.287 124 258 137 223 193 243 180 278 ShortSide_forGripper
loop_00048 0.293 331 432 374 419 390 475 347 488 ShortSide_forGripper
loop_00048 0.318 168 299 180 338 133 352 121 313 ShortSide_forGripper
loop_00048 0.320 121 280 133 238 190 253 178 295 ShortSide_forGripper
loop_00048 0.321 234 393 273 411 241 480 202 462 ShortSide_forGripper
loop_00048 0.327 517 267 523 311 458 320 452 276 ShortSide_forGripper
loop_00048 0.332 263 80 302 70 320 137 281 147 ShortSide_forGripper
loop_00048 0.332 128 219 143 175 233 206 218 250 ShortSide_forGripper
loop_00048 0.339 418 402 448 369 489 407 459 440 ShortSide_forGripper
loop_00048 0.343 117 307 126 266 184 278 175 319 ShortSide_forGripper
loop_00048 0.349 340 74 396 74 396 179 340 179 ShortSide_forGripper
loop_00048 0.364 488 191 505 229 441 258 424 220 ShortSide_forGripper
loop_00048 0.369 358 423 402 405 427 468 383 486 ShortSide_forGripper
loop_00048 0.376 415 119 443 148 404 186 376 157 ShortSide_forGripper
loop_00048 0.395 217 87 265 74 288 154 240 167 ShortSide_forGripper
loop_00048 0.427 463 166 483 196 434 229 414 199 ShortSide_forGripper
loop_00048 0.428 506 234 518 275 459 293 447 252 ShortSide_forGripper
loop_00048 0.432 139 191 162 140 252 180 229 231 ShortSide_forGripper
loop_00048 0.438 173 149 193 116 250 150 230 183 ShortSide_forGripper
loop_00048 0.451 301 52 367 51 368 163 302 164 ShortSide_forGripper
loop_00048 0.504 163 169 180 136 236 166 219 199 ShortSide_forGripper
loop_00048 0.525 265 64 322 52 344 155 287 167 ShortSide_forGripper
loop_00048 0.539 431 130 463 162 424 201 392 169 ShortSide_forGripper
loop_00048 0.606 234 72 286 55 317 151 265 168 ShortSide_forGripper
