loop_00011 0.254 352 297 397 295 399 350 354 352 ShortSide_forGripper
loop_00011 0.271 278 103 320 100 325 170 283 173 ShortSide_forGripper
loop_00011 0.299 250 120 283 116 287 161 254 165 ShortSide_forGripper
loop_00011 0.301 235 289 282 283 292 354 245 360 ShortSide_forGripper
loop_00011 0.333 204 261 206 211 267 214 265 264 ShortSide_forGripper
loop_00011 0.343 199 305 203 259 264 264 260 310 ShortSide_forGripper
loop_00011 0.352 335 276 382 272 388 361 341 365 ShortSide_forGripper
loop_00011 0.395 319 293 363 290 368 354 324 357 ShortSide_forGripper
loop_00011 0.398 286 290 332 287 337 355 291 358 ShortSide_forGripper
loop_00011 0.514 203 283 207 239 264 244 260 288 ShortSide_forGripper
