loop_00024 0.256 203 210 217 168 264 183 250 225 ShortSide_forGripper
loop_00024 0.270 366 113 390 134 363 164 339 143 ShortSide_forGripper
loop_00024 0.292 211 170 236 135 290 173 265 208 ShortSide_forGripper
loop_00024 0.293 289 261 337 234 378 308 330 335 ShortSide_forGripper
loop_00024 0.300 245 212 269 250 218 283 194 245 ShortSide_forGripper
loop_00024 0.325 402 155 416 185 373 206 359 176 ShortSide_forGripper
loop_00024 0.333 269 186 271 239 196 241 194 188 ShortSide_forGripper
loop_00024 0.347 389 133 410 159 370 192 349 166 ShortSide_forGripper
loop_00024 0.356 352 242 362 204 427 221 417 259 ShortSide_forGripper
loop_00024 0.378 298 241 348 262 317 336 267 315 ShortSide_forGripper
loop_00024 0.378 352 231 356 190 429 198 425 239 ShortSide_forGripper
loop_00024 0.378 262 226 297 251 249 319 214 294 ShortSide_forGripper
loop_00024 0.388 311 102 358 113 342 179 295 168 ShortSide_forGripper
loop_00024 0.401 415 171 421 214 362 222 356 179 ShortSide_forGripper
loop_00024 0.410 269 111 306 100 326 166 289 177 ShortSide_forGripper
loop_00024 0.414 275 232 323 253 288 331 240 310 ShortSide_forGripper
loop_00024 0.437 329 261 360 220 424 268 393 309 ShortSide_forGripper
loop_00024 0.450 362 105 399 127 361 192 324 170 ShortSide_forGripper
loop_00024 0.488 225 139 265 109 308 166 268 196 ShortSide_forGripper
