loop_00053 0.262 433 167 444 209 392 222 381 180 ShortSide_forGripper
loop_00053 0.263 136 186 145 241 55 255 46 200 ShortSide_forGripper
loop_00053 0.272 353 59 378 81 340 124 315 102 ShortSide_forGripper
loop_00053 0.272 397 365 405 323 452 332 444 374 ShortSide_forGripper
loop_00053 0.273 390 254 393 211 445 213 442 256 ShortSide_forGripper
loop_00053 0.281 184 300 216 327 169 383 137 356 ShortSide_forGripper
loop_00053 0.286 392 376 407 344 449 363 434 395 ShortSide_forGripper
loop_00053 0.295 298 355 350 350 359 450 307 455 ShortSide_forGripper
loop_00053 0.349 108 203 120 243 71 258 59 218 ShortSide_forGripper
loop_00053 0.363 283 306 340 292 370 413 313 427 ShortSide_forGripper
loop_00053 0.372 425 138 438 175 386 193 373 156 ShortSide_forGripper
loop_00053 0.381 267 337 337 336 340 462 270 463 ShortSide_forGripper
loop_00053 0.396 288 28 326 37 307 111 269 102 ShortSide_forGripper
loop_00053 0.396 123 224 141 264 74 293 56 253 ShortSide_forGripper
loop_00053 0.407 400 106 423 136 383 167 360 137 ShortSide_forGripper
loop_00053 0.423 134 253 155 284 101 320 80 289 ShortSide_forGripper
loop_00053 0.439 58 167 85 121 163 168 136 214 ShortSide_forGripper
loop_00053 0.498 245 25 291 25 290 116 244 116 ShortSide_forGripper
loop_00053 0.514 328 42 364 61 333 119 297 100 ShortSide_forGripper
loop_00053 0.523 75 135 104 96 168 144 139 183 ShortSide_forGripper
loop_00053 0.536 382 90 407 116 373 149 348 123 ShortSide_forGripper
loop_00053 0.550 367 75 391 100 356 134 332 109 ShortSide_forGripper
loop_00053 0.564 135 62 183 38 224 123 176 147 ShortSide_forGripper
loop_00053 0.567 144 275 171 307 127 344 100 312 ShortSide_forGripper
loop_00053 0.577 211 34 256 24 274 113 229 123 ShortSide_forGripper
loop_00053 0.578 158 292 186 322 147 359 119 329 ShortSide_forGripper
loop_00053 0.644 166 45 213 29 245 122 198 138 ShortSide_forGripper
loop_00053 0.648 110 86 153 57 199 125 156 154 ShortSide_forGripper
