loop_00035 0.252 377 90 409 117 366 169 334 142 ShortSide_forGripper
loop_00035 0.260 374 264 378 224 427 229 423 269 ShortSide_forGripper
loop_00035 0.290 209 71 240 61 254 108 223 118 ShortSide_forGripper
loop_00035 0.292 361 108 386 133 358 161 333 136 ShortSide_forGripper
loop_00035 0.302 267 334 319 314 348 389 296 409 ShortSide_forGripper
loop_00035 0.323 331 322 362 284 412 325 381 363 ShortSide_forGripper
loop_00035 0.325 296 335 338 310 371 366 329 391 ShortSide_forGripper
loop_00035 0.328 178 315 209 330 191 368 160 353 ShortSide_forGripper
loop_00035 0.348 358 116 398 91 443 163 403 188 ShortSide_forGripper
loop_00035 0.350 347 94 373 115 346 147 320 126 ShortSide_forGripper
loop_00035 0.356 162 294 188 321 153 353 127 326 ShortSide_forGripper
loop_00035 0.651 379 92 422 68 470 151 427 175 ShortSide_forGripper
