loop_00030 0.302 265 246 291 270 258 305 232 281 ShortSide_forGripper
loop_00030 0.319 302 215 307 186 361 196 356 225 ShortSide_forGripper
loop_00030 0.338 215 172 255 172 255 235 215 235 ShortSide_forGripper
loop_00030 0.389 228 215 252 239 219 274 195 250 ShortSide_forGripper
loop_00030 0.414 260 175 297 174 299 234 262 235 ShortSide_forGripper
loop_00030 0.418 276 276 290 248 331 269 317 297 ShortSide_forGripper
loop_00030 0.457 298 238 305 211 349 223 342 250 ShortSide_forGripper
loop_00030 0.515 250 234 276 261 243 291 217 264 ShortSide_forGripper
loop_00030 0.527 244 176 279 174 283 235 248 237 ShortSide_forGripper
loop_00030 0.559 284 263 296 238 335 256 323 281 ShortSide_forGripper
loop_00030 0.583 304 226 310 203 353 213 347 236 ShortSide_forGripper
loop_00030 0.642 292 248 303 221 349 239 338 266 ShortSide_forGripper
