loop_00004 0.296 194 148 215 202 123 239 102 185 ShortSide_forGripper
loop_00004 0.310 411 213 430 249 372 280 353 244 ShortSide_forGripper
loop_00004 0.311 327 104 337 126 292 147 282 125 ShortSide_forGripper
loop_00004 0.324 399 318 430 288 468 329 437 359 ShortSide_forGripper
loop_00004 0.368 264 358 316 330 355 401 303 429 ShortSide_forGripper
loop_00004 0.385 370 329 409 304 443 356 404 381 ShortSide_forGripper
loop_00004 0.398 183 95 231 69 270 142 222 168 ShortSide_forGripper
loop_00004 0.410 113 137 160 115 196 194 149 216 ShortSide_forGripper
loop_00004 0.455 291 375 330 349 364 400 325 426 ShortSide_forGripper
loop_00004 0.457 371 159 386 187 338 212 323 184 ShortSide_forGripper
loop_00004 0.471 277 316 305 349 244 399 216 366 ShortSide_forGripper
loop_00004 0.472 361 136 378 169 318 201 301 168 ShortSide_forGripper
loop_00004 0.494 244 262 265 300 191 343 170 305 ShortSide_forGripper
loop_00004 0.507 423 232 441 266 382 297 364 263 ShortSide_forGripper
loop_00004 0.511 197 189 221 231 150 272 126 230 ShortSide_forGripper
loop_00004 0.531 162 108 208 82 247 149 201 175 ShortSide_forGripper
loop_00004 0.540 144 119 182 96 219 160 181 183 ShortSide_forGripper
loop_00004 0.544 343 108 359 138 304 167 288 137 ShortSide_forGripper
loop_00004 0.586 258 283 282 320 207 370 183 333 ShortSide_forGripper
loop_00004 0.589 219 222 242 262 170 303 147 263 ShortSide_forGripper
loop_00004 0.602 328 329 378 296 427 372 377 405 ShortSide_forGripper
loop_00004 0.607 380 168 398 203 339 235 321 200 ShortSide_forGripper
loop_00004 0.616 297 339 347 312 386 382 336 409 ShortSide_forGripper
loop_00004 0.728 401 194 418 226 356 259 339 227 ShortSide_forGripper
