loop_00002 0.255 341 41 375 62 348 104 314 83 ShortSide_forGripper
loop_00002 0.276 128 237 145 202 201 228 184 263 ShortSide_forGripper
loop_00002 0.293 358 182 378 136 447 167 427 213 ShortSide_forGripper
loop_00002 0.299 368 47 410 69 367 150 325 128 ShortSide_forGripper
loop_00002 0.301 150 205 171 158 237 188 216 235 ShortSide_forGripper
loop_00002 0.319 120 253 137 218 195 246 178 281 ShortSide_forGripper
loop_00002 0.332 281 303 298 268 364 300 347 335 ShortSide_forGripper
loop_00002 0.364 244 311 290 339 251 404 205 376 ShortSide_forGripper
loop_00002 0.374 167 173 188 126 260 158 239 205 ShortSide_forGripper
loop_00002 0.471 297 286 312 255 368 283 353 314 ShortSide_forGripper
loop_00002 0.556 284 296 310 241 395 281 369 336 ShortSide_forGripper
loop_00002 0.581 296 273 320 219 405 256 381 310 ShortSide_forGripper
loop_00002 0.633 261 329 287 286 358 328 332 371 ShortSide_forGripper
loop_00002 0.660 313 231 326 194 422 228 409 265 ShortSide_forGripper
loop_00002 0.665 357 202 372 171 422 195 407 226 ShortSide_forGripper
