tstyle_00057 0.252 294 147 321 155 293 248 266 240 ShortSide_forGripper
tstyle_00057 0.267 242 209 242 182 310 182 310 209 ShortSide_forGripper
tstyle_00057 0.271 226 156 327 168 303 361 202 349 ShortSide_forGripper
tstyle_00057 0.277 291 286 291 249 404 249 404 286 ShortSide_forGripper
tstyle_00057 0.287 191 255 197 219 284 234 278 270 ShortSide_forGripper
tstyle_00057 0.295 273 213 320 215 316 346 269 344 ShortSide_forGripper
tstyle_00057 0.332 394 265 396 298 301 302 299 269 ShortSide_forGripper
tstyle_00057 0.333 234 317 242 271 351 290 343 336 ShortSide_forGripper
tstyle_00057 0.410 211 304 220 227 412 251 403 328 ShortSide_forGripper
tstyle_00057 0.416 240 213 248 168 351 186 343 231 ShortSide_forGripper
tstyle_00057 0.433 167 267 180 212 358 256 345 311 ShortSide_forGripper
tstyle_00057 0.453 186 269 191 239 285 252 280 282 ShortSide_forGripper
tstyle_00057 0.469 310 192 381 203 355 367 284 356 ShortSide_forGripper
tstyle_00057 0.474 224 220 255 224 245 311 214 307 ShortSide_forGripper
tstyle_00057 0.486 274 146 354 154 331 373 251 365 ShortSide_forGripper
tstyle_00057 0.515 265 170 268 125 366 131 363 176 ShortSide_forGripper
tstyle_00057 0.537 334 212 382 216 371 343 323 339 ShortSide_forGripper
tstyle_00057 0.540 212 201 283 206 275 330 204 325 ShortSide_forGripper
