tstyle_00070 0.256 207 348 237 306 290 343 260 385 LongSide_forGripper
tstyle_00070 0.280 352 212 382 253 303 313 273 272 ShortSide_forGripper
tstyle_00070 0.282 228 322 278 354 239 413 189 381 LongSide_forGripper
tstyle_00070 0.291 332 177 365 219 275 290 242 248 ShortSide_forGripper
tstyle_00070 0.294 428 212 443 268 371 287 356 231 LongSide_forGripper
tstyle_00070 0.303 208 348 235 308 289 345 262 385 ShortSide_forGripper
tstyle_00070 0.313 193 375 218 332 272 364 247 407 ShortSide_forGripper
tstyle_00070 0.332 355 225 391 215 408 274 372 284 ShortSide_forGripper
tstyle_00070 0.335 281 202 314 246 218 321 185 277 ShortSide_forGripper
tstyle_00070 0.361 215 181 280 139 380 292 315 334 ShortSide_forGripper
tstyle_00070 0.368 305 135 351 198 234 284 188 221 ShortSide_forGripper
tstyle_00070 0.431 372 220 414 210 429 277 387 287 ShortSide_forGripper
tstyle_00070 0.520 335 164 380 229 218 343 173 278 ShortSide_forGripper
