tstyle_00175 0.266 326 125 371 145 337 226 292 206 ShortSide_forGripper
tstyle_00175 0.295 497 201 538 211 520 290 479 280 ShortSide_forGripper
tstyle_00175 0.310 414 216 451 227 437 275 400 264 ShortSide_forGripper
tstyle_00175 0.364 236 143 265 163 235 206 206 186 ShortSide_forGripper
tstyle_00175 0.379 267 101 313 122 272 210 226 189 ShortSide_forGripper
tstyle_00175 0.386 242 294 278 257 361 337 325 374 ShortSide_forGripper
tstyle_00175 0.411 434 172 474 186 441 275 401 261 ShortSide_forGripper
tstyle_00175 0.412 193 87 222 104 188 164 159 147 ShortSide_forGripper
tstyle_00175 0.418 313 246 332 210 404 249 385 285 ShortSide_forGripper
tstyle_00175 0.428 293 253 333 285 266 370 226 338 ShortSide_forGripper
tstyle_00175 0.447 477 190 519 205 496 273 454 258 ShortSide_forGripper
tstyle_00175 0.466 210 93 241 109 205 178 174 162 ShortSide_forGripper
tstyle_00175 0.480 228 110 268 131 233 197 193 176 ShortSide_forGripper
tstyle_00175 0.495 458 179 498 192 471 280 431 267 ShortSide_forGripper
