tstyle_00180 0.254 234 159 250 126 289 146 273 179 ShortSide_forGripper
tstyle_00180 0.318 266 126 294 85 379 143 351 184 ShortSide_forGripper
tstyle_00180 0.322 127 179 165 189 146 264 108 254 ShortSide_forGripper
tstyle_00180 0.349 431 260 480 279 450 357 401 338 ShortSide_forGripper
tstyle_00180 0.407 147 172 186 183 162 269 123 258 ShortSide_forGripper
tstyle_00180 0.413 305 225 350 242 316 334 271 317 ShortSide_forGripper
tstyle_00180 0.438 401 222 451 243 404 353 354 332 ShortSide_forGripper
tstyle_00180 0.453 363 223 416 242 376 352 323 333 ShortSide_forGripper
tstyle_00180 0.458 332 228 381 246 345 343 296 325 ShortSide_forGripper
tstyle_00180 0.469 231 199 275 215 242 308 198 292 ShortSide_forGripper
tstyle_00180 0.496 420 230 463 253 423 329 380 306 ShortSide_forGripper
tstyle_00180 0.526 266 210 312 226 279 317 233 301 ShortSide_forGripper
tstyle_00180 0.544 462 247 503 269 455 360 414 338 ShortSide_forGripper
tstyle_00180 0.563 169 172 212 184 184 279 141 267 ShortSide_forGripper
tstyle_00180 0.573 191 174 242 188 212 291 161 277 ShortSide_forGripper
